,discovery_id,discovery_fuzzer,discovery_fuzzer_name,fuzzer_type_description,discovery_time,testcase_hash,testcase_type_description,crash_id,crash_type,crash_frames_hash,sanitizer,fuzzer_combination,benchmark
73,2838,611810213,fairfuzz-0-exid21,fairfuzz,551,e5e6d807dcab256173372259088910ea237425ebfc7f3df8aa56ee32427790e3,crash,73,SEGV,dc932f8b8003795cf9d4cf9e58604b99,ubsan,fcb,cflow
5,2838,611810213,fairfuzz-0-exid21,fairfuzz,551,e5e6d807dcab256173372259088910ea237425ebfc7f3df8aa56ee32427790e3,crash,5,heap-use-after-free,9c74ce5d00fb534a6644db103f1bfe0b,asan,fcb,cflow
6,5829,551524047,afl-0-exid21,afl,7233,b80181828af9d73249220e15b961c23c845a93faa84171493fa9dc250750739b,crash,6,heap-use-after-free,bf39470c4385d389d7814248ff4d17c1,asan,fcb,cflow
66,7923,551524047,afl-0-exid21,afl,42799,6277730260847056de41e78f8fcdc626c0e6a613a69cbba38254654c14390a50,crash,66,SEGV,242466f34bd61f7c5b79a168dbd25c63,tsan,fcb,cflow
37,7923,551524047,afl-0-exid21,afl,42799,6277730260847056de41e78f8fcdc626c0e6a613a69cbba38254654c14390a50,crash,37,heap-buffer-overflow,99fad7a3b490f7d3d7fc13b4db848e11,asan,fcb,cflow
