,fuzzer,edges_count,time
0,fuzzer_global,45,0
1,fuzzer_global,53,1
2,fuzzer_global,53,2
3,fuzzer_global,56,3
4,fuzzer_global,60,4
5,fuzzer_global,61,5
6,fuzzer_global,65,6
7,fuzzer_global,66,7
8,fuzzer_global,66,8
9,fuzzer_global,70,9
10,fuzzer_global,70,10
11,fuzzer_global,88,11
12,fuzzer_global,89,12
13,fuzzer_global,90,13
14,fuzzer_global,92,14
15,fuzzer_global,95,15
16,fuzzer_global,96,16
17,fuzzer_global,97,17
18,fuzzer_global,97,18
19,fuzzer_global,97,19
20,fuzzer_global,97,20
21,fuzzer_global,99,21
22,fuzzer_global,100,22
23,fuzzer_global,102,23
24,fuzzer_global,102,24
25,fuzzer_global,102,25
26,fuzzer_global,102,26
27,fuzzer_global,102,27
28,fuzzer_global,103,28
29,fuzzer_global,104,29
30,fuzzer_global,104,30
31,fuzzer_global,108,31
32,fuzzer_global,108,32
33,fuzzer_global,108,33
34,fuzzer_global,108,34
35,fuzzer_global,109,35
36,fuzzer_global,109,36
37,fuzzer_global,109,37
38,fuzzer_global,110,38
39,fuzzer_global,110,39
40,fuzzer_global,110,40
41,fuzzer_global,111,41
42,fuzzer_global,112,42
43,fuzzer_global,112,43
44,fuzzer_global,112,44
45,fuzzer_global,112,45
46,fuzzer_global,112,46
47,fuzzer_global,114,47
48,fuzzer_global,115,48
49,fuzzer_global,115,49
50,fuzzer_global,115,50
51,fuzzer_global,116,51
52,fuzzer_global,116,52
53,fuzzer_global,117,53
54,fuzzer_global,117,54
55,fuzzer_global,118,55
56,fuzzer_global,118,56
57,fuzzer_global,118,57
58,fuzzer_global,118,58
59,fuzzer_global,119,59
60,fuzzer_global,119,60
61,fuzzer_global,119,61
62,fuzzer_global,120,62
63,fuzzer_global,120,63
64,fuzzer_global,120,64
65,fuzzer_global,120,65
66,fuzzer_global,120,66
67,fuzzer_global,120,67
68,fuzzer_global,120,68
69,fuzzer_global,120,69
70,fuzzer_global,120,70
71,fuzzer_global,120,71
72,fuzzer_global,120,72
73,fuzzer_global,120,73
74,fuzzer_global,120,74
75,fuzzer_global,120,75
76,fuzzer_global,120,76
77,fuzzer_global,120,77
78,fuzzer_global,121,78
79,fuzzer_global,121,79
80,fuzzer_global,121,80
81,fuzzer_global,121,81
82,fuzzer_global,121,82
83,fuzzer_global,121,83
84,fuzzer_global,122,84
85,fuzzer_global,123,85
86,fuzzer_global,123,86
87,fuzzer_global,123,87
88,fuzzer_global,123,88
89,fuzzer_global,123,89
90,fuzzer_global,123,90
91,fuzzer_global,123,91
92,fuzzer_global,123,92
93,fuzzer_global,123,93
94,fuzzer_global,123,94
95,fuzzer_global,123,95
96,fuzzer_global,123,96
97,fuzzer_global,123,97
98,fuzzer_global,131,98
99,fuzzer_global,136,99
100,fuzzer_global,137,100
101,fuzzer_global,137,101
102,fuzzer_global,137,102
103,fuzzer_global,137,103
104,fuzzer_global,138,104
105,fuzzer_global,139,105
106,fuzzer_global,140,106
107,fuzzer_global,140,107
108,fuzzer_global,140,108
109,fuzzer_global,140,109
110,fuzzer_global,140,110
111,fuzzer_global,141,111
112,fuzzer_global,141,112
113,fuzzer_global,141,113
114,fuzzer_global,141,114
115,fuzzer_global,141,115
116,fuzzer_global,141,116
117,fuzzer_global,141,117
118,fuzzer_global,141,118
119,fuzzer_global,141,119
120,fuzzer_global,141,120
121,fuzzer_global,141,121
122,fuzzer_global,141,122
123,fuzzer_global,141,123
124,fuzzer_global,141,124
125,fuzzer_global,141,125
126,fuzzer_global,141,126
127,fuzzer_global,142,127
128,fuzzer_global,142,128
129,fuzzer_global,142,129
130,fuzzer_global,142,130
131,fuzzer_global,142,131
132,fuzzer_global,142,132
133,fuzzer_global,142,133
134,fuzzer_global,142,134
135,fuzzer_global,142,135
136,fuzzer_global,145,136
137,fuzzer_global,145,137
138,fuzzer_global,145,138
139,fuzzer_global,145,139
140,fuzzer_global,145,140
141,fuzzer_global,145,141
142,fuzzer_global,145,142
143,fuzzer_global,146,143
144,fuzzer_global,146,144
145,fuzzer_global,146,145
146,fuzzer_global,146,146
147,fuzzer_global,146,147
148,fuzzer_global,146,148
149,fuzzer_global,147,149
150,fuzzer_global,147,150
151,fuzzer_global,148,151
152,fuzzer_global,148,152
153,fuzzer_global,148,153
154,fuzzer_global,148,154
155,fuzzer_global,148,155
156,fuzzer_global,148,156
157,fuzzer_global,148,157
158,fuzzer_global,148,158
159,fuzzer_global,148,159
160,fuzzer_global,148,160
161,fuzzer_global,148,161
162,fuzzer_global,148,162
163,fuzzer_global,148,163
164,fuzzer_global,148,164
165,fuzzer_global,148,165
166,fuzzer_global,148,166
167,fuzzer_global,177,167
168,fuzzer_global,177,168
169,fuzzer_global,179,169
170,fuzzer_global,180,170
171,fuzzer_global,180,171
172,fuzzer_global,185,172
173,fuzzer_global,187,173
174,fuzzer_global,194,174
175,fuzzer_global,195,175
176,fuzzer_global,195,176
177,fuzzer_global,195,177
178,fuzzer_global,195,178
179,fuzzer_global,195,179
180,fuzzer_global,195,180
181,fuzzer_global,195,181
182,fuzzer_global,195,182
183,fuzzer_global,195,183
184,fuzzer_global,196,184
185,fuzzer_global,196,185
186,fuzzer_global,196,186
187,fuzzer_global,197,187
188,fuzzer_global,197,188
189,fuzzer_global,197,189
190,fuzzer_global,198,190
191,fuzzer_global,198,191
192,fuzzer_global,198,192
193,fuzzer_global,198,193
194,fuzzer_global,198,194
195,fuzzer_global,198,195
196,fuzzer_global,198,196
197,fuzzer_global,198,197
198,fuzzer_global,198,198
199,fuzzer_global,198,199
200,fuzzer_global,198,200
201,fuzzer_global,198,201
202,fuzzer_global,198,202
203,fuzzer_global,199,203
204,fuzzer_global,199,204
205,fuzzer_global,199,205
206,fuzzer_global,199,206
207,fuzzer_global,199,207
208,fuzzer_global,199,208
209,fuzzer_global,199,209
210,fuzzer_global,199,210
211,fuzzer_global,199,211
212,fuzzer_global,199,212
213,fuzzer_global,199,213
214,fuzzer_global,199,214
215,fuzzer_global,199,215
216,fuzzer_global,200,216
217,fuzzer_global,200,217
218,fuzzer_global,200,218
219,fuzzer_global,201,219
220,fuzzer_global,201,220
221,fuzzer_global,201,221
222,fuzzer_global,201,222
223,fuzzer_global,201,223
224,fuzzer_global,203,224
225,fuzzer_global,204,225
226,fuzzer_global,213,226
227,fuzzer_global,217,227
228,fuzzer_global,220,228
229,fuzzer_global,220,229
230,fuzzer_global,220,230
231,fuzzer_global,220,231
232,fuzzer_global,220,232
233,fuzzer_global,220,233
234,fuzzer_global,220,234
235,fuzzer_global,220,235
236,fuzzer_global,220,236
237,fuzzer_global,220,237
238,fuzzer_global,220,238
239,fuzzer_global,220,239
240,fuzzer_global,220,240
241,fuzzer_global,220,241
242,fuzzer_global,222,242
243,fuzzer_global,227,243
244,fuzzer_global,230,244
245,fuzzer_global,230,245
246,fuzzer_global,230,246
247,fuzzer_global,230,247
248,fuzzer_global,230,248
249,fuzzer_global,230,249
250,fuzzer_global,234,250
251,fuzzer_global,234,251
252,fuzzer_global,234,252
253,fuzzer_global,234,253
254,fuzzer_global,234,254
255,fuzzer_global,234,255
256,fuzzer_global,234,256
257,fuzzer_global,234,257
258,fuzzer_global,234,258
259,fuzzer_global,234,259
260,fuzzer_global,234,260
261,fuzzer_global,234,261
262,fuzzer_global,234,262
263,fuzzer_global,234,263
264,fuzzer_global,234,264
265,fuzzer_global,234,265
266,fuzzer_global,234,266
267,fuzzer_global,234,267
268,fuzzer_global,235,268
269,fuzzer_global,235,269
270,fuzzer_global,235,270
271,fuzzer_global,235,271
272,fuzzer_global,235,272
273,fuzzer_global,235,273
274,fuzzer_global,235,274
275,fuzzer_global,235,275
276,fuzzer_global,235,276
277,fuzzer_global,235,277
278,fuzzer_global,236,278
279,fuzzer_global,238,279
280,fuzzer_global,240,280
281,fuzzer_global,247,281
282,fuzzer_global,247,282
283,fuzzer_global,247,283
284,fuzzer_global,247,284
285,fuzzer_global,247,285
286,fuzzer_global,247,286
287,fuzzer_global,247,287
288,fuzzer_global,247,288
289,fuzzer_global,247,289
290,fuzzer_global,247,290
291,fuzzer_global,247,291
292,fuzzer_global,247,292
293,fuzzer_global,247,293
294,fuzzer_global,247,294
295,fuzzer_global,247,295
296,fuzzer_global,247,296
297,fuzzer_global,247,297
298,fuzzer_global,247,298
299,fuzzer_global,247,299
300,fuzzer_global,247,300
301,fuzzer_global,247,301
302,fuzzer_global,247,302
303,fuzzer_global,247,303
304,fuzzer_global,247,304
305,fuzzer_global,247,305
306,fuzzer_global,247,306
307,fuzzer_global,247,307
308,fuzzer_global,247,308
309,fuzzer_global,247,309
310,fuzzer_global,247,310
311,fuzzer_global,249,311
312,fuzzer_global,249,312
313,fuzzer_global,249,313
314,fuzzer_global,249,314
315,fuzzer_global,249,315
316,fuzzer_global,249,316
317,fuzzer_global,249,317
318,fuzzer_global,249,318
319,fuzzer_global,249,319
320,fuzzer_global,249,320
321,fuzzer_global,249,321
322,fuzzer_global,249,322
323,fuzzer_global,249,323
324,fuzzer_global,249,324
325,fuzzer_global,249,325
326,fuzzer_global,249,326
327,fuzzer_global,249,327
328,fuzzer_global,249,328
329,fuzzer_global,249,329
330,fuzzer_global,249,330
331,fuzzer_global,249,331
332,fuzzer_global,249,332
333,fuzzer_global,249,333
334,fuzzer_global,249,334
335,fuzzer_global,249,335
336,fuzzer_global,249,336
337,fuzzer_global,249,337
338,fuzzer_global,249,338
339,fuzzer_global,249,339
340,fuzzer_global,249,340
341,fuzzer_global,249,341
342,fuzzer_global,249,342
343,fuzzer_global,249,343
344,fuzzer_global,249,344
345,fuzzer_global,249,345
346,fuzzer_global,249,346
347,fuzzer_global,249,347
348,fuzzer_global,249,348
349,fuzzer_global,249,349
350,fuzzer_global,249,350
351,fuzzer_global,249,351
352,fuzzer_global,250,352
353,fuzzer_global,250,353
354,fuzzer_global,250,354
355,fuzzer_global,250,355
356,fuzzer_global,250,356
357,fuzzer_global,250,357
358,fuzzer_global,250,358
359,fuzzer_global,250,359
360,fuzzer_global,250,360
361,fuzzer_global,250,361
362,fuzzer_global,250,362
363,fuzzer_global,250,363
364,fuzzer_global,250,364
365,fuzzer_global,250,365
366,fuzzer_global,250,366
367,fuzzer_global,250,367
368,fuzzer_global,250,368
369,fuzzer_global,250,369
370,fuzzer_global,250,370
371,fuzzer_global,250,371
372,fuzzer_global,250,372
373,fuzzer_global,250,373
374,fuzzer_global,250,374
375,fuzzer_global,250,375
376,fuzzer_global,250,376
377,fuzzer_global,250,377
378,fuzzer_global,250,378
379,fuzzer_global,250,379
380,fuzzer_global,250,380
381,fuzzer_global,250,381
382,fuzzer_global,250,382
383,fuzzer_global,250,383
384,fuzzer_global,250,384
385,fuzzer_global,250,385
386,fuzzer_global,250,386
387,fuzzer_global,250,387
388,fuzzer_global,250,388
389,fuzzer_global,250,389
390,fuzzer_global,250,390
391,fuzzer_global,250,391
392,fuzzer_global,250,392
393,fuzzer_global,250,393
394,fuzzer_global,250,394
395,fuzzer_global,250,395
396,fuzzer_global,250,396
397,fuzzer_global,250,397
398,fuzzer_global,250,398
399,fuzzer_global,250,399
400,fuzzer_global,252,400
401,fuzzer_global,252,401
402,fuzzer_global,252,402
403,fuzzer_global,252,403
404,fuzzer_global,252,404
405,fuzzer_global,252,405
406,fuzzer_global,252,406
407,fuzzer_global,252,407
408,fuzzer_global,252,408
409,fuzzer_global,252,409
410,fuzzer_global,252,410
411,fuzzer_global,252,411
412,fuzzer_global,252,412
413,fuzzer_global,252,413
414,fuzzer_global,252,414
415,fuzzer_global,252,415
416,fuzzer_global,252,416
417,fuzzer_global,252,417
418,fuzzer_global,252,418
419,fuzzer_global,252,419
420,fuzzer_global,252,420
421,fuzzer_global,252,421
422,fuzzer_global,252,422
423,fuzzer_global,252,423
424,fuzzer_global,252,424
425,fuzzer_global,252,425
426,fuzzer_global,252,426
427,fuzzer_global,252,427
428,fuzzer_global,252,428
429,fuzzer_global,252,429
430,fuzzer_global,252,430
431,fuzzer_global,252,431
432,fuzzer_global,252,432
433,fuzzer_global,252,433
434,fuzzer_global,252,434
435,fuzzer_global,252,435
436,fuzzer_global,252,436
437,fuzzer_global,252,437
438,fuzzer_global,252,438
439,fuzzer_global,252,439
440,fuzzer_global,252,440
441,fuzzer_global,252,441
442,fuzzer_global,252,442
443,fuzzer_global,252,443
444,fuzzer_global,252,444
445,fuzzer_global,252,445
446,fuzzer_global,252,446
447,fuzzer_global,252,447
448,fuzzer_global,252,448
449,fuzzer_global,252,449
450,fuzzer_global,252,450
451,fuzzer_global,252,451
452,fuzzer_global,252,452
453,fuzzer_global,252,453
454,fuzzer_global,252,454
455,fuzzer_global,252,455
456,fuzzer_global,252,456
457,fuzzer_global,252,457
458,fuzzer_global,252,458
459,fuzzer_global,252,459
460,fuzzer_global,252,460
461,fuzzer_global,252,461
462,fuzzer_global,252,462
463,fuzzer_global,252,463
464,fuzzer_global,252,464
465,fuzzer_global,252,465
466,fuzzer_global,252,466
467,fuzzer_global,252,467
468,fuzzer_global,252,468
469,fuzzer_global,252,469
470,fuzzer_global,252,470
471,fuzzer_global,252,471
472,fuzzer_global,252,472
473,fuzzer_global,252,473
474,fuzzer_global,252,474
475,fuzzer_global,252,475
476,fuzzer_global,252,476
477,fuzzer_global,252,477
478,fuzzer_global,253,478
479,fuzzer_global,253,479
480,fuzzer_global,253,480
481,fuzzer_global,253,481
482,fuzzer_global,253,482
483,fuzzer_global,253,483
484,fuzzer_global,253,484
485,fuzzer_global,253,485
486,fuzzer_global,253,486
487,fuzzer_global,253,487
488,fuzzer_global,253,488
489,fuzzer_global,253,489
490,fuzzer_global,253,490
491,fuzzer_global,253,491
492,fuzzer_global,253,492
493,fuzzer_global,253,493
494,fuzzer_global,253,494
495,fuzzer_global,253,495
496,fuzzer_global,253,496
497,fuzzer_global,253,497
498,fuzzer_global,253,498
499,fuzzer_global,253,499
500,fuzzer_global,253,500
501,fuzzer_global,253,501
502,fuzzer_global,253,502
503,fuzzer_global,253,503
504,fuzzer_global,253,504
505,fuzzer_global,253,505
506,fuzzer_global,253,506
507,fuzzer_global,253,507
508,fuzzer_global,253,508
509,fuzzer_global,253,509
510,fuzzer_global,253,510
511,fuzzer_global,253,511
512,fuzzer_global,253,512
513,fuzzer_global,253,513
514,fuzzer_global,253,514
515,fuzzer_global,253,515
516,fuzzer_global,256,516
517,fuzzer_global,257,517
518,fuzzer_global,257,518
519,fuzzer_global,257,519
520,fuzzer_global,257,520
521,fuzzer_global,257,521
522,fuzzer_global,257,522
523,fuzzer_global,257,523
524,fuzzer_global,257,524
525,fuzzer_global,257,525
526,fuzzer_global,258,526
527,fuzzer_global,258,527
528,fuzzer_global,261,528
529,fuzzer_global,263,529
530,fuzzer_global,263,530
531,fuzzer_global,263,531
532,fuzzer_global,263,532
533,fuzzer_global,263,533
534,fuzzer_global,263,534
535,fuzzer_global,263,535
536,fuzzer_global,263,536
537,fuzzer_global,263,537
538,fuzzer_global,263,538
539,fuzzer_global,263,539
540,fuzzer_global,263,540
541,fuzzer_global,263,541
542,fuzzer_global,263,542
543,fuzzer_global,263,543
544,fuzzer_global,263,544
545,fuzzer_global,263,545
546,fuzzer_global,263,546
547,fuzzer_global,263,547
548,fuzzer_global,263,548
549,fuzzer_global,263,549
550,fuzzer_global,263,550
551,fuzzer_global,263,551
552,fuzzer_global,263,552
553,fuzzer_global,263,553
554,fuzzer_global,263,554
555,fuzzer_global,263,555
556,fuzzer_global,263,556
557,fuzzer_global,263,557
558,fuzzer_global,263,558
559,fuzzer_global,263,559
560,fuzzer_global,263,560
561,fuzzer_global,263,561
562,fuzzer_global,263,562
563,fuzzer_global,263,563
564,fuzzer_global,263,564
565,fuzzer_global,263,565
566,fuzzer_global,263,566
567,fuzzer_global,263,567
568,fuzzer_global,263,568
569,fuzzer_global,263,569
570,fuzzer_global,263,570
571,fuzzer_global,263,571
572,fuzzer_global,263,572
573,fuzzer_global,264,573
574,fuzzer_global,264,574
575,fuzzer_global,264,575
576,fuzzer_global,264,576
577,fuzzer_global,264,577
578,fuzzer_global,264,578
579,fuzzer_global,264,579
580,fuzzer_global,264,580
581,fuzzer_global,264,581
582,fuzzer_global,264,582
583,fuzzer_global,264,583
584,fuzzer_global,264,584
585,fuzzer_global,264,585
586,fuzzer_global,264,586
587,fuzzer_global,264,587
588,fuzzer_global,264,588
589,fuzzer_global,264,589
590,fuzzer_global,264,590
591,fuzzer_global,264,591
592,fuzzer_global,264,592
593,fuzzer_global,264,593
594,fuzzer_global,264,594
595,fuzzer_global,264,595
596,fuzzer_global,264,596
597,fuzzer_global,264,597
598,fuzzer_global,264,598
599,fuzzer_global,264,599
600,fuzzer_global,264,600
601,fuzzer_global,264,601
602,fuzzer_global,264,602
603,fuzzer_global,264,603
604,fuzzer_global,264,604
605,fuzzer_global,264,605
606,fuzzer_global,264,606
607,fuzzer_global,264,607
608,fuzzer_global,264,608
609,fuzzer_global,264,609
610,fuzzer_global,264,610
611,fuzzer_global,264,611
612,fuzzer_global,264,612
613,fuzzer_global,264,613
614,fuzzer_global,264,614
615,fuzzer_global,264,615
616,fuzzer_global,264,616
617,fuzzer_global,264,617
618,fuzzer_global,264,618
619,fuzzer_global,264,619
620,fuzzer_global,264,620
621,fuzzer_global,264,621
622,fuzzer_global,264,622
623,fuzzer_global,264,623
624,fuzzer_global,264,624
625,fuzzer_global,264,625
626,fuzzer_global,264,626
627,fuzzer_global,264,627
628,fuzzer_global,264,628
629,fuzzer_global,264,629
630,fuzzer_global,264,630
631,fuzzer_global,264,631
632,fuzzer_global,264,632
633,fuzzer_global,264,633
634,fuzzer_global,264,634
635,fuzzer_global,264,635
636,fuzzer_global,264,636
637,fuzzer_global,264,637
638,fuzzer_global,264,638
639,fuzzer_global,264,639
640,fuzzer_global,264,640
641,fuzzer_global,264,641
642,fuzzer_global,264,642
643,fuzzer_global,264,643
644,fuzzer_global,264,644
645,fuzzer_global,264,645
646,fuzzer_global,264,646
647,fuzzer_global,264,647
648,fuzzer_global,264,648
649,fuzzer_global,264,649
650,fuzzer_global,264,650
651,fuzzer_global,264,651
652,fuzzer_global,265,652
653,fuzzer_global,265,653
654,fuzzer_global,265,654
655,fuzzer_global,265,655
656,fuzzer_global,265,656
657,fuzzer_global,265,657
658,fuzzer_global,265,658
659,fuzzer_global,265,659
660,fuzzer_global,265,660
661,fuzzer_global,265,661
662,fuzzer_global,265,662
663,fuzzer_global,265,663
664,fuzzer_global,265,664
665,fuzzer_global,265,665
666,fuzzer_global,265,666
667,fuzzer_global,265,667
668,fuzzer_global,265,668
669,fuzzer_global,265,669
670,fuzzer_global,265,670
671,fuzzer_global,265,671
672,fuzzer_global,265,672
673,fuzzer_global,265,673
674,fuzzer_global,265,674
675,fuzzer_global,265,675
676,fuzzer_global,265,676
677,fuzzer_global,265,677
678,fuzzer_global,265,678
679,fuzzer_global,265,679
680,fuzzer_global,265,680
681,fuzzer_global,265,681
682,fuzzer_global,265,682
683,fuzzer_global,265,683
684,fuzzer_global,265,684
685,fuzzer_global,265,685
686,fuzzer_global,265,686
687,fuzzer_global,265,687
688,fuzzer_global,265,688
689,fuzzer_global,265,689
690,fuzzer_global,265,690
691,fuzzer_global,265,691
692,fuzzer_global,265,692
693,fuzzer_global,265,693
694,fuzzer_global,265,694
695,fuzzer_global,265,695
696,fuzzer_global,265,696
697,fuzzer_global,265,697
698,fuzzer_global,265,698
699,fuzzer_global,265,699
700,fuzzer_global,265,700
701,fuzzer_global,265,701
702,fuzzer_global,265,702
703,fuzzer_global,265,703
704,fuzzer_global,265,704
705,fuzzer_global,265,705
706,fuzzer_global,265,706
707,fuzzer_global,265,707
708,fuzzer_global,265,708
709,fuzzer_global,265,709
710,fuzzer_global,265,710
711,fuzzer_global,265,711
712,fuzzer_global,265,712
713,fuzzer_global,265,713
714,fuzzer_global,265,714
715,fuzzer_global,265,715
716,fuzzer_global,265,716
717,fuzzer_global,265,717
718,fuzzer_global,265,718
719,fuzzer_global,265,719
720,fuzzer_global,265,720
721,fuzzer_global,265,721
722,fuzzer_global,265,722
723,fuzzer_global,265,723
724,fuzzer_global,265,724
725,fuzzer_global,265,725
726,fuzzer_global,265,726
727,fuzzer_global,265,727
728,fuzzer_global,265,728
729,fuzzer_global,265,729
730,fuzzer_global,265,730
731,fuzzer_global,265,731
732,fuzzer_global,265,732
733,fuzzer_global,265,733
734,fuzzer_global,265,734
735,fuzzer_global,266,735
736,fuzzer_global,266,736
737,fuzzer_global,266,737
738,fuzzer_global,266,738
739,fuzzer_global,266,739
740,fuzzer_global,266,740
741,fuzzer_global,266,741
742,fuzzer_global,266,742
743,fuzzer_global,266,743
744,fuzzer_global,266,744
745,fuzzer_global,266,745
746,fuzzer_global,266,746
747,fuzzer_global,266,747
748,fuzzer_global,266,748
749,fuzzer_global,266,749
750,fuzzer_global,266,750
751,fuzzer_global,266,751
752,fuzzer_global,266,752
753,fuzzer_global,266,753
754,fuzzer_global,266,754
755,fuzzer_global,266,755
756,fuzzer_global,266,756
757,fuzzer_global,266,757
758,fuzzer_global,266,758
759,fuzzer_global,266,759
760,fuzzer_global,266,760
761,fuzzer_global,266,761
762,fuzzer_global,266,762
763,fuzzer_global,266,763
764,fuzzer_global,266,764
765,fuzzer_global,266,765
766,fuzzer_global,266,766
767,fuzzer_global,266,767
768,fuzzer_global,266,768
769,fuzzer_global,266,769
770,fuzzer_global,266,770
771,fuzzer_global,266,771
772,fuzzer_global,266,772
773,fuzzer_global,266,773
774,fuzzer_global,266,774
775,fuzzer_global,266,775
776,fuzzer_global,266,776
777,fuzzer_global,266,777
778,fuzzer_global,266,778
779,fuzzer_global,266,779
780,fuzzer_global,266,780
781,fuzzer_global,266,781
782,fuzzer_global,266,782
783,fuzzer_global,266,783
784,fuzzer_global,266,784
785,fuzzer_global,266,785
786,fuzzer_global,266,786
787,fuzzer_global,266,787
788,fuzzer_global,266,788
789,fuzzer_global,266,789
790,fuzzer_global,266,790
791,fuzzer_global,266,791
792,fuzzer_global,266,792
793,fuzzer_global,266,793
794,fuzzer_global,266,794
795,fuzzer_global,266,795
796,fuzzer_global,266,796
797,fuzzer_global,266,797
798,fuzzer_global,266,798
799,fuzzer_global,266,799
800,fuzzer_global,266,800
801,fuzzer_global,266,801
802,fuzzer_global,266,802
803,fuzzer_global,266,803
804,fuzzer_global,266,804
805,fuzzer_global,266,805
806,fuzzer_global,266,806
807,fuzzer_global,266,807
808,fuzzer_global,266,808
809,fuzzer_global,266,809
810,fuzzer_global,266,810
811,fuzzer_global,266,811
812,fuzzer_global,266,812
813,fuzzer_global,266,813
814,fuzzer_global,266,814
815,fuzzer_global,266,815
816,fuzzer_global,266,816
817,fuzzer_global,266,817
818,fuzzer_global,266,818
819,fuzzer_global,266,819
820,fuzzer_global,266,820
821,fuzzer_global,266,821
822,fuzzer_global,266,822
823,fuzzer_global,266,823
824,fuzzer_global,267,824
825,fuzzer_global,267,825
826,fuzzer_global,267,826
827,fuzzer_global,267,827
828,fuzzer_global,267,828
829,fuzzer_global,267,829
830,fuzzer_global,267,830
831,fuzzer_global,267,831
832,fuzzer_global,267,832
833,fuzzer_global,267,833
834,fuzzer_global,267,834
835,fuzzer_global,267,835
836,fuzzer_global,267,836
837,fuzzer_global,268,837
838,fuzzer_global,269,838
839,fuzzer_global,269,839
840,fuzzer_global,269,840
841,fuzzer_global,270,841
842,fuzzer_global,270,842
843,fuzzer_global,270,843
844,fuzzer_global,270,844
845,fuzzer_global,270,845
846,fuzzer_global,270,846
847,fuzzer_global,270,847
848,fuzzer_global,270,848
849,fuzzer_global,270,849
850,fuzzer_global,270,850
851,fuzzer_global,270,851
852,fuzzer_global,270,852
853,fuzzer_global,270,853
854,fuzzer_global,270,854
855,fuzzer_global,270,855
856,fuzzer_global,270,856
857,fuzzer_global,270,857
858,fuzzer_global,270,858
859,fuzzer_global,270,859
860,fuzzer_global,270,860
861,fuzzer_global,270,861
862,fuzzer_global,271,862
863,fuzzer_global,271,863
864,fuzzer_global,271,864
865,fuzzer_global,271,865
866,fuzzer_global,272,866
867,fuzzer_global,272,867
868,fuzzer_global,273,868
869,fuzzer_global,273,869
870,fuzzer_global,273,870
871,fuzzer_global,274,871
872,fuzzer_global,274,872
873,fuzzer_global,274,873
874,fuzzer_global,276,874
875,fuzzer_global,276,875
876,fuzzer_global,276,876
877,fuzzer_global,276,877
878,fuzzer_global,276,878
879,fuzzer_global,276,879
880,fuzzer_global,276,880
881,fuzzer_global,276,881
882,fuzzer_global,277,882
883,fuzzer_global,277,883
884,fuzzer_global,277,884
885,fuzzer_global,277,885
886,fuzzer_global,277,886
887,fuzzer_global,277,887
888,fuzzer_global,277,888
889,fuzzer_global,277,889
890,fuzzer_global,277,890
891,fuzzer_global,277,891
892,fuzzer_global,277,892
893,fuzzer_global,278,893
894,fuzzer_global,278,894
895,fuzzer_global,278,895
896,fuzzer_global,278,896
897,fuzzer_global,278,897
898,fuzzer_global,278,898
899,fuzzer_global,278,899
900,fuzzer_global,278,900
901,fuzzer_global,278,901
902,fuzzer_global,278,902
903,fuzzer_global,278,903
904,fuzzer_global,278,904
905,fuzzer_global,278,905
906,fuzzer_global,278,906
907,fuzzer_global,278,907
908,fuzzer_global,279,908
909,fuzzer_global,279,909
910,fuzzer_global,279,910
911,fuzzer_global,279,911
912,fuzzer_global,279,912
913,fuzzer_global,279,913
914,fuzzer_global,279,914
915,fuzzer_global,279,915
916,fuzzer_global,279,916
917,fuzzer_global,279,917
918,fuzzer_global,279,918
919,fuzzer_global,279,919
920,fuzzer_global,279,920
921,fuzzer_global,279,921
922,fuzzer_global,279,922
923,fuzzer_global,279,923
924,fuzzer_global,279,924
925,fuzzer_global,279,925
926,fuzzer_global,279,926
927,fuzzer_global,279,927
928,fuzzer_global,279,928
929,fuzzer_global,279,929
930,fuzzer_global,279,930
931,fuzzer_global,279,931
932,fuzzer_global,279,932
933,fuzzer_global,279,933
934,fuzzer_global,279,934
935,fuzzer_global,279,935
936,fuzzer_global,279,936
937,fuzzer_global,279,937
938,fuzzer_global,279,938
939,fuzzer_global,280,939
940,fuzzer_global,280,940
941,fuzzer_global,280,941
942,fuzzer_global,280,942
943,fuzzer_global,280,943
944,fuzzer_global,280,944
945,fuzzer_global,280,945
946,fuzzer_global,280,946
947,fuzzer_global,280,947
948,fuzzer_global,280,948
949,fuzzer_global,280,949
950,fuzzer_global,280,950
951,fuzzer_global,280,951
952,fuzzer_global,280,952
953,fuzzer_global,280,953
954,fuzzer_global,280,954
955,fuzzer_global,280,955
956,fuzzer_global,280,956
957,fuzzer_global,280,957
958,fuzzer_global,280,958
959,fuzzer_global,280,959
960,fuzzer_global,280,960
961,fuzzer_global,280,961
962,fuzzer_global,280,962
963,fuzzer_global,280,963
964,fuzzer_global,280,964
965,fuzzer_global,280,965
966,fuzzer_global,280,966
967,fuzzer_global,280,967
968,fuzzer_global,280,968
969,fuzzer_global,280,969
970,fuzzer_global,280,970
971,fuzzer_global,280,971
972,fuzzer_global,280,972
973,fuzzer_global,280,973
974,fuzzer_global,280,974
975,fuzzer_global,280,975
976,fuzzer_global,280,976
977,fuzzer_global,280,977
978,fuzzer_global,280,978
979,fuzzer_global,284,979
980,fuzzer_global,285,980
981,fuzzer_global,285,981
982,fuzzer_global,285,982
983,fuzzer_global,285,983
984,fuzzer_global,285,984
985,fuzzer_global,286,985
986,fuzzer_global,286,986
987,fuzzer_global,286,987
988,fuzzer_global,286,988
989,fuzzer_global,286,989
990,fuzzer_global,286,990
991,fuzzer_global,286,991
992,fuzzer_global,286,992
993,fuzzer_global,286,993
994,fuzzer_global,286,994
995,fuzzer_global,286,995
996,fuzzer_global,286,996
997,fuzzer_global,286,997
998,fuzzer_global,286,998
999,fuzzer_global,286,999
1000,fuzzer_global,286,1000
1001,fuzzer_global,286,1001
1002,fuzzer_global,286,1002
1003,fuzzer_global,286,1003
1004,fuzzer_global,286,1004
1005,fuzzer_global,286,1005
1006,fuzzer_global,286,1006
1007,fuzzer_global,286,1007
1008,fuzzer_global,286,1008
1009,fuzzer_global,286,1009
1010,fuzzer_global,286,1010
1011,fuzzer_global,286,1011
1012,fuzzer_global,286,1012
1013,fuzzer_global,286,1013
1014,fuzzer_global,286,1014
1015,fuzzer_global,286,1015
1016,fuzzer_global,286,1016
1017,fuzzer_global,286,1017
1018,fuzzer_global,286,1018
1019,fuzzer_global,286,1019
1020,fuzzer_global,286,1020
1021,fuzzer_global,286,1021
1022,fuzzer_global,286,1022
1023,fuzzer_global,286,1023
1024,fuzzer_global,286,1024
1025,fuzzer_global,286,1025
1026,fuzzer_global,286,1026
1027,fuzzer_global,286,1027
1028,fuzzer_global,286,1028
1029,fuzzer_global,286,1029
1030,fuzzer_global,286,1030
1031,fuzzer_global,286,1031
1032,fuzzer_global,286,1032
1033,fuzzer_global,286,1033
1034,fuzzer_global,286,1034
1035,fuzzer_global,286,1035
1036,fuzzer_global,286,1036
1037,fuzzer_global,286,1037
1038,fuzzer_global,286,1038
1039,fuzzer_global,286,1039
1040,fuzzer_global,286,1040
1041,fuzzer_global,286,1041
1042,fuzzer_global,286,1042
1043,fuzzer_global,286,1043
1044,fuzzer_global,286,1044
1045,fuzzer_global,286,1045
1046,fuzzer_global,286,1046
1047,fuzzer_global,286,1047
1048,fuzzer_global,286,1048
1049,fuzzer_global,286,1049
1050,fuzzer_global,286,1050
1051,fuzzer_global,286,1051
1052,fuzzer_global,286,1052
1053,fuzzer_global,286,1053
1054,fuzzer_global,286,1054
1055,fuzzer_global,287,1055
1056,fuzzer_global,287,1056
1057,fuzzer_global,287,1057
1058,fuzzer_global,287,1058
1059,fuzzer_global,287,1059
1060,fuzzer_global,287,1060
1061,fuzzer_global,287,1061
1062,fuzzer_global,287,1062
1063,fuzzer_global,287,1063
1064,fuzzer_global,287,1064
1065,fuzzer_global,287,1065
1066,fuzzer_global,287,1066
1067,fuzzer_global,287,1067
1068,fuzzer_global,287,1068
1069,fuzzer_global,287,1069
1070,fuzzer_global,287,1070
1071,fuzzer_global,287,1071
1072,fuzzer_global,287,1072
1073,fuzzer_global,287,1073
1074,fuzzer_global,287,1074
1075,fuzzer_global,287,1075
1076,fuzzer_global,287,1076
1077,fuzzer_global,287,1077
1078,fuzzer_global,287,1078
1079,fuzzer_global,287,1079
1080,fuzzer_global,287,1080
1081,fuzzer_global,287,1081
1082,fuzzer_global,287,1082
1083,fuzzer_global,287,1083
1084,fuzzer_global,287,1084
1085,fuzzer_global,288,1085
1086,fuzzer_global,288,1086
1087,fuzzer_global,288,1087
1088,fuzzer_global,288,1088
1089,fuzzer_global,288,1089
1090,fuzzer_global,288,1090
1091,fuzzer_global,288,1091
1092,fuzzer_global,288,1092
1093,fuzzer_global,288,1093
1094,fuzzer_global,288,1094
1095,fuzzer_global,288,1095
1096,fuzzer_global,288,1096
1097,fuzzer_global,288,1097
1098,fuzzer_global,288,1098
1099,fuzzer_global,288,1099
1100,fuzzer_global,288,1100
1101,fuzzer_global,288,1101
1102,fuzzer_global,288,1102
1103,fuzzer_global,288,1103
1104,fuzzer_global,288,1104
1105,fuzzer_global,288,1105
1106,fuzzer_global,288,1106
1107,fuzzer_global,288,1107
1108,fuzzer_global,288,1108
1109,fuzzer_global,288,1109
1110,fuzzer_global,288,1110
1111,fuzzer_global,288,1111
1112,fuzzer_global,288,1112
1113,fuzzer_global,288,1113
1114,fuzzer_global,288,1114
1115,fuzzer_global,288,1115
1116,fuzzer_global,288,1116
1117,fuzzer_global,288,1117
1118,fuzzer_global,288,1118
1119,fuzzer_global,288,1119
1120,fuzzer_global,289,1120
1121,fuzzer_global,290,1121
1122,fuzzer_global,290,1122
1123,fuzzer_global,290,1123
1124,fuzzer_global,290,1124
1125,fuzzer_global,290,1125
1126,fuzzer_global,290,1126
1127,fuzzer_global,290,1127
1128,fuzzer_global,290,1128
1129,fuzzer_global,290,1129
1130,fuzzer_global,290,1130
1131,fuzzer_global,290,1131
1132,fuzzer_global,290,1132
1133,fuzzer_global,290,1133
1134,fuzzer_global,290,1134
1135,fuzzer_global,290,1135
1136,fuzzer_global,290,1136
1137,fuzzer_global,290,1137
1138,fuzzer_global,290,1138
1139,fuzzer_global,290,1139
1140,fuzzer_global,290,1140
1141,fuzzer_global,290,1141
1142,fuzzer_global,290,1142
1143,fuzzer_global,290,1143
1144,fuzzer_global,290,1144
1145,fuzzer_global,290,1145
1146,fuzzer_global,290,1146
1147,fuzzer_global,290,1147
1148,fuzzer_global,290,1148
1149,fuzzer_global,291,1149
1150,fuzzer_global,291,1150
1151,fuzzer_global,291,1151
1152,fuzzer_global,291,1152
1153,fuzzer_global,291,1153
1154,fuzzer_global,291,1154
1155,fuzzer_global,291,1155
1156,fuzzer_global,291,1156
1157,fuzzer_global,291,1157
1158,fuzzer_global,291,1158
1159,fuzzer_global,291,1159
1160,fuzzer_global,291,1160
1161,fuzzer_global,291,1161
1162,fuzzer_global,291,1162
1163,fuzzer_global,291,1163
1164,fuzzer_global,291,1164
1165,fuzzer_global,291,1165
1166,fuzzer_global,291,1166
1167,fuzzer_global,291,1167
1168,fuzzer_global,291,1168
1169,fuzzer_global,291,1169
1170,fuzzer_global,291,1170
1171,fuzzer_global,291,1171
1172,fuzzer_global,291,1172
1173,fuzzer_global,292,1173
1174,fuzzer_global,292,1174
1175,fuzzer_global,292,1175
1176,fuzzer_global,292,1176
1177,fuzzer_global,296,1177
1178,fuzzer_global,296,1178
1179,fuzzer_global,296,1179
1180,fuzzer_global,296,1180
1181,fuzzer_global,296,1181
1182,fuzzer_global,296,1182
1183,fuzzer_global,296,1183
1184,fuzzer_global,296,1184
1185,fuzzer_global,296,1185
1186,fuzzer_global,296,1186
1187,fuzzer_global,296,1187
1188,fuzzer_global,296,1188
1189,fuzzer_global,296,1189
1190,fuzzer_global,296,1190
1191,fuzzer_global,296,1191
1192,fuzzer_global,296,1192
1193,fuzzer_global,296,1193
1194,fuzzer_global,296,1194
1195,fuzzer_global,296,1195
1196,fuzzer_global,296,1196
1197,fuzzer_global,296,1197
1198,fuzzer_global,296,1198
1199,fuzzer_global,296,1199
1200,fuzzer_global,296,1200
1201,fuzzer_global,296,1201
1202,fuzzer_global,296,1202
1203,fuzzer_global,296,1203
1204,fuzzer_global,296,1204
1205,fuzzer_global,296,1205
1206,fuzzer_global,296,1206
1207,fuzzer_global,296,1207
1208,fuzzer_global,296,1208
1209,fuzzer_global,296,1209
1210,fuzzer_global,296,1210
1211,fuzzer_global,296,1211
1212,fuzzer_global,296,1212
1213,fuzzer_global,296,1213
1214,fuzzer_global,296,1214
1215,fuzzer_global,296,1215
1216,fuzzer_global,296,1216
1217,fuzzer_global,296,1217
1218,fuzzer_global,296,1218
1219,fuzzer_global,296,1219
1220,fuzzer_global,296,1220
1221,fuzzer_global,296,1221
1222,fuzzer_global,296,1222
1223,fuzzer_global,296,1223
1224,fuzzer_global,296,1224
1225,fuzzer_global,296,1225
1226,fuzzer_global,296,1226
1227,fuzzer_global,296,1227
1228,fuzzer_global,296,1228
1229,fuzzer_global,296,1229
1230,fuzzer_global,296,1230
1231,fuzzer_global,296,1231
1232,fuzzer_global,296,1232
1233,fuzzer_global,296,1233
1234,fuzzer_global,296,1234
1235,fuzzer_global,296,1235
1236,fuzzer_global,296,1236
1237,fuzzer_global,296,1237
1238,fuzzer_global,296,1238
1239,fuzzer_global,296,1239
1240,fuzzer_global,296,1240
1241,fuzzer_global,296,1241
1242,fuzzer_global,296,1242
1243,fuzzer_global,296,1243
1244,fuzzer_global,296,1244
1245,fuzzer_global,296,1245
1246,fuzzer_global,296,1246
1247,fuzzer_global,296,1247
1248,fuzzer_global,296,1248
1249,fuzzer_global,296,1249
1250,fuzzer_global,296,1250
1251,fuzzer_global,296,1251
1252,fuzzer_global,296,1252
1253,fuzzer_global,296,1253
1254,fuzzer_global,296,1254
1255,fuzzer_global,296,1255
1256,fuzzer_global,296,1256
1257,fuzzer_global,296,1257
1258,fuzzer_global,299,1258
1259,fuzzer_global,299,1259
1260,fuzzer_global,299,1260
1261,fuzzer_global,299,1261
1262,fuzzer_global,299,1262
1263,fuzzer_global,299,1263
1264,fuzzer_global,299,1264
1265,fuzzer_global,299,1265
1266,fuzzer_global,299,1266
1267,fuzzer_global,299,1267
1268,fuzzer_global,299,1268
1269,fuzzer_global,299,1269
1270,fuzzer_global,299,1270
1271,fuzzer_global,299,1271
1272,fuzzer_global,299,1272
1273,fuzzer_global,299,1273
1274,fuzzer_global,299,1274
1275,fuzzer_global,299,1275
1276,fuzzer_global,299,1276
1277,fuzzer_global,300,1277
1278,fuzzer_global,301,1278
1279,fuzzer_global,301,1279
1280,fuzzer_global,301,1280
1281,fuzzer_global,301,1281
1282,fuzzer_global,301,1282
1283,fuzzer_global,301,1283
1284,fuzzer_global,301,1284
1285,fuzzer_global,301,1285
1286,fuzzer_global,301,1286
1287,fuzzer_global,301,1287
1288,fuzzer_global,301,1288
1289,fuzzer_global,301,1289
1290,fuzzer_global,301,1290
1291,fuzzer_global,301,1291
1292,fuzzer_global,301,1292
1293,fuzzer_global,301,1293
1294,fuzzer_global,301,1294
1295,fuzzer_global,301,1295
1296,fuzzer_global,301,1296
1297,fuzzer_global,301,1297
1298,fuzzer_global,301,1298
1299,fuzzer_global,301,1299
1300,fuzzer_global,301,1300
1301,fuzzer_global,301,1301
1302,fuzzer_global,301,1302
1303,fuzzer_global,301,1303
1304,fuzzer_global,301,1304
1305,fuzzer_global,301,1305
1306,fuzzer_global,301,1306
1307,fuzzer_global,301,1307
1308,fuzzer_global,302,1308
1309,fuzzer_global,302,1309
1310,fuzzer_global,302,1310
1311,fuzzer_global,302,1311
1312,fuzzer_global,302,1312
1313,fuzzer_global,302,1313
1314,fuzzer_global,302,1314
1315,fuzzer_global,302,1315
1316,fuzzer_global,302,1316
1317,fuzzer_global,302,1317
1318,fuzzer_global,302,1318
1319,fuzzer_global,302,1319
1320,fuzzer_global,302,1320
1321,fuzzer_global,302,1321
1322,fuzzer_global,302,1322
1323,fuzzer_global,302,1323
1324,fuzzer_global,302,1324
1325,fuzzer_global,302,1325
1326,fuzzer_global,302,1326
1327,fuzzer_global,302,1327
1328,fuzzer_global,302,1328
1329,fuzzer_global,302,1329
1330,fuzzer_global,302,1330
1331,fuzzer_global,302,1331
1332,fuzzer_global,302,1332
1333,fuzzer_global,302,1333
1334,fuzzer_global,302,1334
1335,fuzzer_global,302,1335
1336,fuzzer_global,302,1336
1337,fuzzer_global,302,1337
1338,fuzzer_global,302,1338
1339,fuzzer_global,302,1339
1340,fuzzer_global,302,1340
1341,fuzzer_global,302,1341
1342,fuzzer_global,302,1342
1343,fuzzer_global,302,1343
1344,fuzzer_global,302,1344
1345,fuzzer_global,305,1345
1346,fuzzer_global,306,1346
1347,fuzzer_global,306,1347
1348,fuzzer_global,306,1348
1349,fuzzer_global,306,1349
1350,fuzzer_global,306,1350
1351,fuzzer_global,306,1351
1352,fuzzer_global,306,1352
1353,fuzzer_global,306,1353
1354,fuzzer_global,306,1354
1355,fuzzer_global,306,1355
1356,fuzzer_global,306,1356
1357,fuzzer_global,306,1357
1358,fuzzer_global,306,1358
1359,fuzzer_global,306,1359
1360,fuzzer_global,306,1360
1361,fuzzer_global,306,1361
1362,fuzzer_global,306,1362
1363,fuzzer_global,306,1363
1364,fuzzer_global,306,1364
1365,fuzzer_global,306,1365
1366,fuzzer_global,306,1366
1367,fuzzer_global,306,1367
1368,fuzzer_global,306,1368
1369,fuzzer_global,306,1369
1370,fuzzer_global,306,1370
1371,fuzzer_global,306,1371
1372,fuzzer_global,306,1372
1373,fuzzer_global,306,1373
1374,fuzzer_global,306,1374
1375,fuzzer_global,306,1375
1376,fuzzer_global,306,1376
1377,fuzzer_global,306,1377
1378,fuzzer_global,306,1378
1379,fuzzer_global,306,1379
1380,fuzzer_global,306,1380
1381,fuzzer_global,306,1381
1382,fuzzer_global,306,1382
1383,fuzzer_global,306,1383
1384,fuzzer_global,306,1384
1385,fuzzer_global,306,1385
1386,fuzzer_global,306,1386
1387,fuzzer_global,306,1387
1388,fuzzer_global,306,1388
1389,fuzzer_global,307,1389
1390,fuzzer_global,307,1390
1391,fuzzer_global,307,1391
1392,fuzzer_global,307,1392
1393,fuzzer_global,307,1393
1394,fuzzer_global,307,1394
1395,fuzzer_global,307,1395
1396,fuzzer_global,307,1396
1397,fuzzer_global,307,1397
1398,fuzzer_global,307,1398
1399,fuzzer_global,307,1399
1400,fuzzer_global,307,1400
1401,fuzzer_global,307,1401
1402,fuzzer_global,307,1402
1403,fuzzer_global,307,1403
1404,fuzzer_global,307,1404
1405,fuzzer_global,307,1405
1406,fuzzer_global,307,1406
1407,fuzzer_global,307,1407
1408,fuzzer_global,307,1408
1409,fuzzer_global,307,1409
1410,fuzzer_global,307,1410
1411,fuzzer_global,307,1411
1412,fuzzer_global,307,1412
1413,fuzzer_global,307,1413
1414,fuzzer_global,307,1414
1415,fuzzer_global,307,1415
1416,fuzzer_global,307,1416
1417,fuzzer_global,307,1417
1418,fuzzer_global,307,1418
1419,fuzzer_global,307,1419
1420,fuzzer_global,307,1420
1421,fuzzer_global,307,1421
1422,fuzzer_global,307,1422
1423,fuzzer_global,307,1423
1424,fuzzer_global,307,1424
1425,fuzzer_global,307,1425
1426,fuzzer_global,307,1426
1427,fuzzer_global,307,1427
1428,fuzzer_global,307,1428
1429,fuzzer_global,307,1429
1430,fuzzer_global,307,1430
1431,fuzzer_global,307,1431
1432,fuzzer_global,307,1432
1433,fuzzer_global,307,1433
1434,fuzzer_global,307,1434
1435,fuzzer_global,307,1435
1436,fuzzer_global,307,1436
