,fuzzer,edges_count,time
0,fairfuzz-0-exid24,0,0
1,aflfast-0-exid24,0,0
2,aflplusplus-0-exid24,0,0
3,afl-0-exid24,0,0
4,fuzzer_global,0,0
5,fairfuzz-0-exid24,89,0
6,fairfuzz-0-exid24,102,1
7,fairfuzz-0-exid24,109,2
8,fairfuzz-0-exid24,122,3
9,fairfuzz-0-exid24,124,4
10,fairfuzz-0-exid24,127,5
11,fairfuzz-0-exid24,128,6
12,fairfuzz-0-exid24,128,7
13,fairfuzz-0-exid24,128,8
14,fairfuzz-0-exid24,128,9
15,fairfuzz-0-exid24,131,10
16,fairfuzz-0-exid24,133,11
17,fairfuzz-0-exid24,135,12
18,fairfuzz-0-exid24,136,13
19,fairfuzz-0-exid24,137,14
20,fairfuzz-0-exid24,138,15
21,fairfuzz-0-exid24,147,16
22,fairfuzz-0-exid24,147,17
23,fairfuzz-0-exid24,153,18
24,fairfuzz-0-exid24,155,19
25,fairfuzz-0-exid24,155,20
26,fairfuzz-0-exid24,155,21
27,fairfuzz-0-exid24,155,22
28,fairfuzz-0-exid24,155,23
29,fairfuzz-0-exid24,155,24
30,fairfuzz-0-exid24,155,25
31,fairfuzz-0-exid24,155,26
32,fairfuzz-0-exid24,155,27
33,fairfuzz-0-exid24,155,28
34,fairfuzz-0-exid24,155,29
35,fairfuzz-0-exid24,155,30
36,fairfuzz-0-exid24,155,31
37,fairfuzz-0-exid24,156,32
38,fairfuzz-0-exid24,156,33
39,fairfuzz-0-exid24,156,34
40,fairfuzz-0-exid24,156,35
41,fairfuzz-0-exid24,157,36
42,fairfuzz-0-exid24,157,37
43,fairfuzz-0-exid24,157,38
44,fairfuzz-0-exid24,157,39
45,fairfuzz-0-exid24,157,40
46,fairfuzz-0-exid24,157,41
47,fairfuzz-0-exid24,157,42
48,fairfuzz-0-exid24,157,43
49,fairfuzz-0-exid24,157,44
50,fairfuzz-0-exid24,157,45
51,fairfuzz-0-exid24,157,46
52,fairfuzz-0-exid24,157,47
53,fairfuzz-0-exid24,157,48
54,fairfuzz-0-exid24,157,49
55,fairfuzz-0-exid24,157,50
56,fairfuzz-0-exid24,157,51
57,fairfuzz-0-exid24,157,52
58,fairfuzz-0-exid24,157,53
59,fairfuzz-0-exid24,157,54
60,fairfuzz-0-exid24,157,55
61,fairfuzz-0-exid24,157,56
62,fairfuzz-0-exid24,157,57
63,fairfuzz-0-exid24,157,58
64,fairfuzz-0-exid24,157,59
65,fairfuzz-0-exid24,157,60
66,fairfuzz-0-exid24,157,61
67,fairfuzz-0-exid24,157,62
68,fairfuzz-0-exid24,157,63
69,fairfuzz-0-exid24,157,64
70,fairfuzz-0-exid24,157,65
71,fairfuzz-0-exid24,157,66
72,fairfuzz-0-exid24,157,67
73,fairfuzz-0-exid24,157,68
74,fairfuzz-0-exid24,157,69
75,fairfuzz-0-exid24,157,70
76,fairfuzz-0-exid24,157,71
77,fairfuzz-0-exid24,158,72
78,fairfuzz-0-exid24,158,73
79,fairfuzz-0-exid24,158,74
80,fairfuzz-0-exid24,158,75
81,fairfuzz-0-exid24,158,76
82,fairfuzz-0-exid24,158,77
83,fairfuzz-0-exid24,158,78
84,fairfuzz-0-exid24,158,79
85,fairfuzz-0-exid24,158,80
86,fairfuzz-0-exid24,158,81
87,fairfuzz-0-exid24,158,82
88,fairfuzz-0-exid24,158,83
89,fairfuzz-0-exid24,158,84
90,fairfuzz-0-exid24,158,85
91,fairfuzz-0-exid24,158,86
92,fairfuzz-0-exid24,158,87
93,fairfuzz-0-exid24,158,88
94,fairfuzz-0-exid24,158,89
95,fairfuzz-0-exid24,158,90
96,fairfuzz-0-exid24,158,91
97,fairfuzz-0-exid24,158,92
98,fairfuzz-0-exid24,158,93
99,fairfuzz-0-exid24,158,94
100,fairfuzz-0-exid24,158,95
101,fairfuzz-0-exid24,158,96
102,fairfuzz-0-exid24,158,97
103,fairfuzz-0-exid24,158,98
104,fairfuzz-0-exid24,158,99
105,fairfuzz-0-exid24,158,100
106,fairfuzz-0-exid24,158,101
107,fairfuzz-0-exid24,158,102
108,fairfuzz-0-exid24,158,103
109,fairfuzz-0-exid24,158,104
110,fairfuzz-0-exid24,158,105
111,fairfuzz-0-exid24,158,106
112,fairfuzz-0-exid24,158,107
113,fairfuzz-0-exid24,158,108
114,fairfuzz-0-exid24,158,109
115,fairfuzz-0-exid24,158,110
116,fairfuzz-0-exid24,158,111
117,fairfuzz-0-exid24,158,112
118,fairfuzz-0-exid24,158,113
119,fairfuzz-0-exid24,158,114
120,fairfuzz-0-exid24,158,115
121,fairfuzz-0-exid24,158,116
122,fairfuzz-0-exid24,158,117
123,fairfuzz-0-exid24,158,118
124,fairfuzz-0-exid24,158,119
125,fairfuzz-0-exid24,158,120
126,fairfuzz-0-exid24,158,121
127,fairfuzz-0-exid24,158,122
128,fairfuzz-0-exid24,158,123
129,fairfuzz-0-exid24,158,124
130,fairfuzz-0-exid24,158,125
131,fairfuzz-0-exid24,158,126
132,fairfuzz-0-exid24,158,127
133,fairfuzz-0-exid24,158,128
134,fairfuzz-0-exid24,158,129
135,fairfuzz-0-exid24,158,130
136,fairfuzz-0-exid24,158,131
137,fairfuzz-0-exid24,158,132
138,fairfuzz-0-exid24,158,133
139,fairfuzz-0-exid24,158,134
140,fairfuzz-0-exid24,158,135
141,fairfuzz-0-exid24,158,136
142,fairfuzz-0-exid24,158,137
143,fairfuzz-0-exid24,158,138
144,fairfuzz-0-exid24,158,139
145,fairfuzz-0-exid24,158,140
146,fairfuzz-0-exid24,158,141
147,fairfuzz-0-exid24,158,142
148,fairfuzz-0-exid24,158,143
149,fairfuzz-0-exid24,158,144
150,fairfuzz-0-exid24,158,145
151,fairfuzz-0-exid24,158,146
152,fairfuzz-0-exid24,158,147
153,fairfuzz-0-exid24,158,148
154,fairfuzz-0-exid24,158,149
155,fairfuzz-0-exid24,158,150
156,fairfuzz-0-exid24,158,151
157,fairfuzz-0-exid24,158,152
158,fairfuzz-0-exid24,158,153
159,fairfuzz-0-exid24,158,154
160,fairfuzz-0-exid24,158,155
161,fairfuzz-0-exid24,158,156
162,fairfuzz-0-exid24,158,157
163,fairfuzz-0-exid24,158,158
164,fairfuzz-0-exid24,158,159
165,fairfuzz-0-exid24,158,160
166,fairfuzz-0-exid24,158,161
167,fairfuzz-0-exid24,158,162
168,fairfuzz-0-exid24,158,163
169,fairfuzz-0-exid24,158,164
170,fairfuzz-0-exid24,158,165
171,fairfuzz-0-exid24,158,166
172,fairfuzz-0-exid24,158,167
173,fairfuzz-0-exid24,158,168
174,fairfuzz-0-exid24,158,169
175,fairfuzz-0-exid24,158,170
176,fairfuzz-0-exid24,158,171
177,fairfuzz-0-exid24,158,172
178,fairfuzz-0-exid24,158,173
179,fairfuzz-0-exid24,158,174
180,fairfuzz-0-exid24,158,175
181,fairfuzz-0-exid24,158,176
182,fairfuzz-0-exid24,158,177
183,fairfuzz-0-exid24,158,178
184,fairfuzz-0-exid24,158,179
185,fairfuzz-0-exid24,158,180
186,fairfuzz-0-exid24,158,181
187,fairfuzz-0-exid24,158,182
188,fairfuzz-0-exid24,158,183
189,fairfuzz-0-exid24,158,184
190,fairfuzz-0-exid24,158,185
191,fairfuzz-0-exid24,158,186
192,fairfuzz-0-exid24,158,187
193,fairfuzz-0-exid24,158,188
194,fairfuzz-0-exid24,158,189
195,fairfuzz-0-exid24,158,190
196,fairfuzz-0-exid24,158,191
197,fairfuzz-0-exid24,158,192
198,fairfuzz-0-exid24,158,193
199,fairfuzz-0-exid24,158,194
200,fairfuzz-0-exid24,158,195
201,fairfuzz-0-exid24,158,196
202,fairfuzz-0-exid24,158,197
203,fairfuzz-0-exid24,158,198
204,fairfuzz-0-exid24,158,199
205,fairfuzz-0-exid24,158,200
206,fairfuzz-0-exid24,158,201
207,fairfuzz-0-exid24,158,202
208,fairfuzz-0-exid24,158,203
209,fairfuzz-0-exid24,158,204
210,fairfuzz-0-exid24,158,205
211,fairfuzz-0-exid24,158,206
212,fairfuzz-0-exid24,158,207
213,fairfuzz-0-exid24,158,208
214,fairfuzz-0-exid24,158,209
215,fairfuzz-0-exid24,158,210
216,fairfuzz-0-exid24,158,211
217,fairfuzz-0-exid24,158,212
218,fairfuzz-0-exid24,158,213
219,fairfuzz-0-exid24,158,214
220,fairfuzz-0-exid24,158,215
221,fairfuzz-0-exid24,158,216
222,fairfuzz-0-exid24,158,217
223,fairfuzz-0-exid24,158,218
224,fairfuzz-0-exid24,158,219
225,fairfuzz-0-exid24,158,220
226,fairfuzz-0-exid24,158,221
227,fairfuzz-0-exid24,158,222
228,fairfuzz-0-exid24,158,223
229,fairfuzz-0-exid24,158,224
230,fairfuzz-0-exid24,158,225
231,fairfuzz-0-exid24,158,226
232,fairfuzz-0-exid24,158,227
233,fairfuzz-0-exid24,158,228
234,fairfuzz-0-exid24,158,229
235,fairfuzz-0-exid24,158,230
236,fairfuzz-0-exid24,158,231
237,fairfuzz-0-exid24,158,232
238,fairfuzz-0-exid24,158,233
239,fairfuzz-0-exid24,158,234
240,fairfuzz-0-exid24,158,235
241,fairfuzz-0-exid24,158,236
242,fairfuzz-0-exid24,158,237
243,fairfuzz-0-exid24,158,238
244,fairfuzz-0-exid24,158,239
245,fairfuzz-0-exid24,158,240
246,fairfuzz-0-exid24,158,241
247,fairfuzz-0-exid24,158,242
248,fairfuzz-0-exid24,158,243
249,fairfuzz-0-exid24,158,244
250,fairfuzz-0-exid24,158,245
251,fairfuzz-0-exid24,158,246
252,fairfuzz-0-exid24,158,247
253,fairfuzz-0-exid24,158,248
254,fairfuzz-0-exid24,158,249
255,fairfuzz-0-exid24,158,250
256,fairfuzz-0-exid24,158,251
257,fairfuzz-0-exid24,158,252
258,fairfuzz-0-exid24,158,253
259,fairfuzz-0-exid24,158,254
260,fairfuzz-0-exid24,158,255
261,fairfuzz-0-exid24,158,256
262,fairfuzz-0-exid24,158,257
263,fairfuzz-0-exid24,158,258
264,fairfuzz-0-exid24,158,259
265,fairfuzz-0-exid24,158,260
266,fairfuzz-0-exid24,158,261
267,fairfuzz-0-exid24,158,262
268,fairfuzz-0-exid24,158,263
269,fairfuzz-0-exid24,158,264
270,fairfuzz-0-exid24,158,265
271,fairfuzz-0-exid24,158,266
272,fairfuzz-0-exid24,158,267
273,fairfuzz-0-exid24,158,268
274,fairfuzz-0-exid24,158,269
275,fairfuzz-0-exid24,158,270
276,fairfuzz-0-exid24,158,271
277,fairfuzz-0-exid24,158,272
278,fairfuzz-0-exid24,158,273
279,fairfuzz-0-exid24,158,274
280,fairfuzz-0-exid24,158,275
281,fairfuzz-0-exid24,158,276
282,fairfuzz-0-exid24,158,277
283,fairfuzz-0-exid24,158,278
284,fairfuzz-0-exid24,158,279
285,fairfuzz-0-exid24,158,280
286,fairfuzz-0-exid24,158,281
287,fairfuzz-0-exid24,158,282
288,fairfuzz-0-exid24,158,283
289,fairfuzz-0-exid24,158,284
290,fairfuzz-0-exid24,158,285
291,fairfuzz-0-exid24,158,286
292,fairfuzz-0-exid24,158,287
293,fairfuzz-0-exid24,158,288
294,fairfuzz-0-exid24,158,289
295,fairfuzz-0-exid24,158,290
296,fairfuzz-0-exid24,158,291
297,fairfuzz-0-exid24,158,292
298,fairfuzz-0-exid24,158,293
299,fairfuzz-0-exid24,158,294
300,fairfuzz-0-exid24,158,295
301,fairfuzz-0-exid24,158,296
302,fairfuzz-0-exid24,158,297
303,fairfuzz-0-exid24,158,298
304,fairfuzz-0-exid24,158,299
305,fairfuzz-0-exid24,158,300
306,fairfuzz-0-exid24,158,301
307,fairfuzz-0-exid24,158,302
308,fairfuzz-0-exid24,158,303
309,fairfuzz-0-exid24,158,304
310,fairfuzz-0-exid24,158,305
311,fairfuzz-0-exid24,158,306
312,fairfuzz-0-exid24,158,307
313,fairfuzz-0-exid24,158,308
314,fairfuzz-0-exid24,158,309
315,fairfuzz-0-exid24,158,310
316,fairfuzz-0-exid24,158,311
317,fairfuzz-0-exid24,158,312
318,fairfuzz-0-exid24,158,313
319,fairfuzz-0-exid24,158,314
320,fairfuzz-0-exid24,158,315
321,fairfuzz-0-exid24,158,316
322,fairfuzz-0-exid24,158,317
323,fairfuzz-0-exid24,158,318
324,fairfuzz-0-exid24,158,319
325,fairfuzz-0-exid24,158,320
326,fairfuzz-0-exid24,158,321
327,fairfuzz-0-exid24,158,322
328,fairfuzz-0-exid24,158,323
329,fairfuzz-0-exid24,158,324
330,fairfuzz-0-exid24,158,325
331,fairfuzz-0-exid24,158,326
332,fairfuzz-0-exid24,158,327
333,fairfuzz-0-exid24,158,328
334,fairfuzz-0-exid24,158,329
335,fairfuzz-0-exid24,158,330
336,fairfuzz-0-exid24,158,331
337,fairfuzz-0-exid24,158,332
338,fairfuzz-0-exid24,158,333
339,fairfuzz-0-exid24,158,334
340,fairfuzz-0-exid24,158,335
341,fairfuzz-0-exid24,158,336
342,fairfuzz-0-exid24,158,337
343,fairfuzz-0-exid24,158,338
344,fairfuzz-0-exid24,158,339
345,fairfuzz-0-exid24,158,340
346,fairfuzz-0-exid24,158,341
347,fairfuzz-0-exid24,158,342
348,fairfuzz-0-exid24,158,343
349,fairfuzz-0-exid24,158,344
350,fairfuzz-0-exid24,158,345
351,fairfuzz-0-exid24,158,346
352,fairfuzz-0-exid24,158,347
353,fairfuzz-0-exid24,158,348
354,fairfuzz-0-exid24,158,349
355,fairfuzz-0-exid24,158,350
356,fairfuzz-0-exid24,158,351
357,fairfuzz-0-exid24,158,352
358,fairfuzz-0-exid24,158,353
359,fairfuzz-0-exid24,158,354
360,fairfuzz-0-exid24,158,355
361,fairfuzz-0-exid24,158,356
362,fairfuzz-0-exid24,158,357
363,fairfuzz-0-exid24,158,358
364,fairfuzz-0-exid24,158,359
365,fairfuzz-0-exid24,158,360
366,fairfuzz-0-exid24,158,361
367,fairfuzz-0-exid24,158,362
368,fairfuzz-0-exid24,158,363
369,fairfuzz-0-exid24,158,364
370,fairfuzz-0-exid24,158,365
371,fairfuzz-0-exid24,158,366
372,fairfuzz-0-exid24,158,367
373,fairfuzz-0-exid24,158,368
374,fairfuzz-0-exid24,158,369
375,fairfuzz-0-exid24,158,370
376,fairfuzz-0-exid24,158,371
377,fairfuzz-0-exid24,158,372
378,fairfuzz-0-exid24,158,373
379,fairfuzz-0-exid24,158,374
380,fairfuzz-0-exid24,158,375
381,fairfuzz-0-exid24,158,376
382,fairfuzz-0-exid24,158,377
383,fairfuzz-0-exid24,158,378
384,fairfuzz-0-exid24,158,379
385,fairfuzz-0-exid24,158,380
386,fairfuzz-0-exid24,158,381
387,fairfuzz-0-exid24,158,382
388,fairfuzz-0-exid24,158,383
389,fairfuzz-0-exid24,158,384
390,fairfuzz-0-exid24,158,385
391,fairfuzz-0-exid24,158,386
392,fairfuzz-0-exid24,158,387
393,fairfuzz-0-exid24,158,388
394,fairfuzz-0-exid24,158,389
395,fairfuzz-0-exid24,158,390
396,fairfuzz-0-exid24,158,391
397,fairfuzz-0-exid24,158,392
398,fairfuzz-0-exid24,158,393
399,fairfuzz-0-exid24,158,394
400,fairfuzz-0-exid24,158,395
401,fairfuzz-0-exid24,158,396
402,fairfuzz-0-exid24,158,397
403,fairfuzz-0-exid24,158,398
404,fairfuzz-0-exid24,158,399
405,fairfuzz-0-exid24,158,400
406,fairfuzz-0-exid24,158,401
407,fairfuzz-0-exid24,158,402
408,fairfuzz-0-exid24,158,403
409,fairfuzz-0-exid24,158,404
410,fairfuzz-0-exid24,158,405
411,fairfuzz-0-exid24,158,406
412,fairfuzz-0-exid24,158,407
413,fairfuzz-0-exid24,158,408
414,fairfuzz-0-exid24,158,409
415,fairfuzz-0-exid24,158,410
416,fairfuzz-0-exid24,158,411
417,fairfuzz-0-exid24,158,412
418,fairfuzz-0-exid24,158,413
419,fairfuzz-0-exid24,158,414
420,fairfuzz-0-exid24,158,415
421,fairfuzz-0-exid24,158,416
422,fairfuzz-0-exid24,158,417
423,fairfuzz-0-exid24,162,418
424,fairfuzz-0-exid24,162,419
425,fairfuzz-0-exid24,162,420
426,fairfuzz-0-exid24,162,421
427,fairfuzz-0-exid24,162,422
428,fairfuzz-0-exid24,162,423
429,fairfuzz-0-exid24,162,424
430,fairfuzz-0-exid24,162,425
431,fairfuzz-0-exid24,162,426
432,fairfuzz-0-exid24,162,427
433,fairfuzz-0-exid24,162,428
434,fairfuzz-0-exid24,162,429
435,fairfuzz-0-exid24,162,430
436,fairfuzz-0-exid24,162,431
437,fairfuzz-0-exid24,162,432
438,fairfuzz-0-exid24,162,433
439,fairfuzz-0-exid24,162,434
440,fairfuzz-0-exid24,162,435
441,fairfuzz-0-exid24,162,436
442,fairfuzz-0-exid24,162,437
443,fairfuzz-0-exid24,162,438
444,fairfuzz-0-exid24,162,439
445,fairfuzz-0-exid24,162,440
446,fairfuzz-0-exid24,162,441
447,fairfuzz-0-exid24,162,442
448,fairfuzz-0-exid24,162,443
449,fairfuzz-0-exid24,162,444
450,fairfuzz-0-exid24,162,445
451,fairfuzz-0-exid24,162,446
452,fairfuzz-0-exid24,162,447
453,fairfuzz-0-exid24,162,448
454,fairfuzz-0-exid24,162,449
455,fairfuzz-0-exid24,162,450
456,fairfuzz-0-exid24,162,451
457,fairfuzz-0-exid24,162,452
458,fairfuzz-0-exid24,162,453
459,fairfuzz-0-exid24,162,454
460,fairfuzz-0-exid24,162,455
461,fairfuzz-0-exid24,162,456
462,fairfuzz-0-exid24,162,457
463,fairfuzz-0-exid24,162,458
464,fairfuzz-0-exid24,162,459
465,fairfuzz-0-exid24,162,460
466,fairfuzz-0-exid24,162,461
467,fairfuzz-0-exid24,162,462
468,fairfuzz-0-exid24,162,463
469,fairfuzz-0-exid24,162,464
470,fairfuzz-0-exid24,162,465
471,fairfuzz-0-exid24,162,466
472,fairfuzz-0-exid24,162,467
473,fairfuzz-0-exid24,162,468
474,fairfuzz-0-exid24,162,469
475,fairfuzz-0-exid24,162,470
476,fairfuzz-0-exid24,162,471
477,fairfuzz-0-exid24,162,472
478,fairfuzz-0-exid24,162,473
479,fairfuzz-0-exid24,162,474
480,fairfuzz-0-exid24,162,475
481,fairfuzz-0-exid24,162,476
482,fairfuzz-0-exid24,162,477
483,fairfuzz-0-exid24,162,478
484,fairfuzz-0-exid24,162,479
485,fairfuzz-0-exid24,162,480
486,fairfuzz-0-exid24,162,481
487,fairfuzz-0-exid24,162,482
488,fairfuzz-0-exid24,162,483
489,fairfuzz-0-exid24,162,484
490,fairfuzz-0-exid24,162,485
491,fairfuzz-0-exid24,162,486
492,fairfuzz-0-exid24,162,487
493,fairfuzz-0-exid24,162,488
494,fairfuzz-0-exid24,162,489
495,fairfuzz-0-exid24,162,490
496,fairfuzz-0-exid24,162,491
497,fairfuzz-0-exid24,162,492
498,fairfuzz-0-exid24,162,493
499,fairfuzz-0-exid24,162,494
500,fairfuzz-0-exid24,162,495
501,fairfuzz-0-exid24,162,496
502,fairfuzz-0-exid24,162,497
503,fairfuzz-0-exid24,162,498
504,fairfuzz-0-exid24,162,499
505,fairfuzz-0-exid24,162,500
506,fairfuzz-0-exid24,162,501
507,fairfuzz-0-exid24,162,502
508,fairfuzz-0-exid24,162,503
509,fairfuzz-0-exid24,162,504
510,fairfuzz-0-exid24,162,505
511,fairfuzz-0-exid24,162,506
512,fairfuzz-0-exid24,162,507
513,fairfuzz-0-exid24,162,508
514,fairfuzz-0-exid24,162,509
515,fairfuzz-0-exid24,162,510
516,fairfuzz-0-exid24,162,511
517,fairfuzz-0-exid24,162,512
518,fairfuzz-0-exid24,162,513
519,fairfuzz-0-exid24,162,514
520,fairfuzz-0-exid24,162,515
521,fairfuzz-0-exid24,162,516
522,fairfuzz-0-exid24,162,517
523,fairfuzz-0-exid24,162,518
524,fairfuzz-0-exid24,162,519
525,fairfuzz-0-exid24,162,520
526,fairfuzz-0-exid24,162,521
527,fairfuzz-0-exid24,162,522
528,fairfuzz-0-exid24,162,523
529,fairfuzz-0-exid24,162,524
530,fairfuzz-0-exid24,162,525
531,fairfuzz-0-exid24,162,526
532,fairfuzz-0-exid24,162,527
533,fairfuzz-0-exid24,162,528
534,fairfuzz-0-exid24,162,529
535,fairfuzz-0-exid24,162,530
536,fairfuzz-0-exid24,162,531
537,fairfuzz-0-exid24,162,532
538,fairfuzz-0-exid24,162,533
539,fairfuzz-0-exid24,162,534
540,fairfuzz-0-exid24,162,535
541,fairfuzz-0-exid24,162,536
542,fairfuzz-0-exid24,162,537
543,fairfuzz-0-exid24,162,538
544,fairfuzz-0-exid24,162,539
545,fairfuzz-0-exid24,162,540
546,fairfuzz-0-exid24,162,541
547,fairfuzz-0-exid24,162,542
548,fairfuzz-0-exid24,162,543
549,fairfuzz-0-exid24,162,544
550,fairfuzz-0-exid24,162,545
551,fairfuzz-0-exid24,162,546
552,fairfuzz-0-exid24,162,547
553,fairfuzz-0-exid24,162,548
554,fairfuzz-0-exid24,162,549
555,fairfuzz-0-exid24,162,550
556,fairfuzz-0-exid24,162,551
557,fairfuzz-0-exid24,162,552
558,fairfuzz-0-exid24,162,553
559,fairfuzz-0-exid24,162,554
560,fairfuzz-0-exid24,162,555
561,fairfuzz-0-exid24,162,556
562,fairfuzz-0-exid24,162,557
563,fairfuzz-0-exid24,162,558
564,fairfuzz-0-exid24,162,559
565,fairfuzz-0-exid24,162,560
566,fairfuzz-0-exid24,162,561
567,fairfuzz-0-exid24,162,562
568,fairfuzz-0-exid24,162,563
569,fairfuzz-0-exid24,162,564
570,fairfuzz-0-exid24,162,565
571,fairfuzz-0-exid24,162,566
572,fairfuzz-0-exid24,162,567
573,fairfuzz-0-exid24,162,568
574,fairfuzz-0-exid24,162,569
575,fairfuzz-0-exid24,162,570
576,fairfuzz-0-exid24,162,571
577,fairfuzz-0-exid24,162,572
578,fairfuzz-0-exid24,162,573
579,fairfuzz-0-exid24,162,574
580,fairfuzz-0-exid24,162,575
581,fairfuzz-0-exid24,162,576
582,fairfuzz-0-exid24,162,577
583,fairfuzz-0-exid24,162,578
584,fairfuzz-0-exid24,162,579
585,fairfuzz-0-exid24,162,580
586,fairfuzz-0-exid24,162,581
587,fairfuzz-0-exid24,162,582
588,fairfuzz-0-exid24,162,583
589,fairfuzz-0-exid24,162,584
590,fairfuzz-0-exid24,162,585
591,fairfuzz-0-exid24,162,586
592,fairfuzz-0-exid24,162,587
593,fairfuzz-0-exid24,162,588
594,fairfuzz-0-exid24,162,589
595,fairfuzz-0-exid24,162,590
596,fairfuzz-0-exid24,162,591
597,fairfuzz-0-exid24,162,592
598,fairfuzz-0-exid24,162,593
599,fairfuzz-0-exid24,162,594
600,fairfuzz-0-exid24,162,595
601,fairfuzz-0-exid24,162,596
602,fairfuzz-0-exid24,162,597
603,fairfuzz-0-exid24,162,598
604,fairfuzz-0-exid24,162,599
605,fairfuzz-0-exid24,162,600
606,fairfuzz-0-exid24,162,601
607,fairfuzz-0-exid24,162,602
608,fairfuzz-0-exid24,162,603
609,fairfuzz-0-exid24,162,604
610,fairfuzz-0-exid24,162,605
611,fairfuzz-0-exid24,162,606
612,fairfuzz-0-exid24,162,607
613,fairfuzz-0-exid24,162,608
614,fairfuzz-0-exid24,162,609
615,fairfuzz-0-exid24,162,610
616,fairfuzz-0-exid24,162,611
617,fairfuzz-0-exid24,162,612
618,fairfuzz-0-exid24,162,613
619,fairfuzz-0-exid24,162,614
620,fairfuzz-0-exid24,162,615
621,fairfuzz-0-exid24,162,616
622,fairfuzz-0-exid24,162,617
623,fairfuzz-0-exid24,162,618
624,fairfuzz-0-exid24,162,619
625,fairfuzz-0-exid24,162,620
626,fairfuzz-0-exid24,162,621
627,fairfuzz-0-exid24,162,622
628,fairfuzz-0-exid24,162,623
629,fairfuzz-0-exid24,162,624
630,fairfuzz-0-exid24,162,625
631,fairfuzz-0-exid24,162,626
632,fairfuzz-0-exid24,162,627
633,fairfuzz-0-exid24,162,628
634,fairfuzz-0-exid24,162,629
635,fairfuzz-0-exid24,162,630
636,fairfuzz-0-exid24,162,631
637,fairfuzz-0-exid24,162,632
638,fairfuzz-0-exid24,162,633
639,fairfuzz-0-exid24,162,634
640,fairfuzz-0-exid24,162,635
641,fairfuzz-0-exid24,162,636
642,fairfuzz-0-exid24,162,637
643,fairfuzz-0-exid24,162,638
644,fairfuzz-0-exid24,162,639
645,fairfuzz-0-exid24,162,640
646,fairfuzz-0-exid24,162,641
647,fairfuzz-0-exid24,162,642
648,fairfuzz-0-exid24,162,643
649,fairfuzz-0-exid24,162,644
650,fairfuzz-0-exid24,162,645
651,fairfuzz-0-exid24,162,646
652,fairfuzz-0-exid24,162,647
653,fairfuzz-0-exid24,162,648
654,fairfuzz-0-exid24,162,649
655,fairfuzz-0-exid24,162,650
656,fairfuzz-0-exid24,162,651
657,fairfuzz-0-exid24,162,652
658,fairfuzz-0-exid24,162,653
659,fairfuzz-0-exid24,162,654
660,fairfuzz-0-exid24,162,655
661,fairfuzz-0-exid24,162,656
662,fairfuzz-0-exid24,162,657
663,fairfuzz-0-exid24,162,658
664,fairfuzz-0-exid24,162,659
665,fairfuzz-0-exid24,162,660
666,fairfuzz-0-exid24,162,661
667,fairfuzz-0-exid24,162,662
668,fairfuzz-0-exid24,162,663
669,fairfuzz-0-exid24,162,664
670,fairfuzz-0-exid24,162,665
671,fairfuzz-0-exid24,162,666
672,fairfuzz-0-exid24,162,667
673,fairfuzz-0-exid24,162,668
674,fairfuzz-0-exid24,162,669
675,fairfuzz-0-exid24,162,670
676,fairfuzz-0-exid24,162,671
677,fairfuzz-0-exid24,162,672
678,fairfuzz-0-exid24,170,673
679,fairfuzz-0-exid24,170,674
680,fairfuzz-0-exid24,170,675
681,fairfuzz-0-exid24,170,676
682,fairfuzz-0-exid24,170,677
683,fairfuzz-0-exid24,170,678
684,fairfuzz-0-exid24,170,679
685,fairfuzz-0-exid24,170,680
686,fairfuzz-0-exid24,170,681
687,fairfuzz-0-exid24,170,682
688,fairfuzz-0-exid24,170,683
689,fairfuzz-0-exid24,170,684
690,fairfuzz-0-exid24,170,685
691,fairfuzz-0-exid24,170,686
692,fairfuzz-0-exid24,170,687
693,fairfuzz-0-exid24,170,688
694,fairfuzz-0-exid24,170,689
695,fairfuzz-0-exid24,170,690
696,fairfuzz-0-exid24,170,691
697,fairfuzz-0-exid24,170,692
698,fairfuzz-0-exid24,170,693
699,fairfuzz-0-exid24,170,694
700,fairfuzz-0-exid24,170,695
701,fairfuzz-0-exid24,170,696
702,fairfuzz-0-exid24,170,697
703,fairfuzz-0-exid24,170,698
704,fairfuzz-0-exid24,170,699
705,fairfuzz-0-exid24,170,700
706,fairfuzz-0-exid24,170,701
707,fairfuzz-0-exid24,170,702
708,fairfuzz-0-exid24,170,703
709,fairfuzz-0-exid24,170,704
710,fairfuzz-0-exid24,170,705
711,fairfuzz-0-exid24,170,706
712,fairfuzz-0-exid24,170,707
713,fairfuzz-0-exid24,170,708
714,fairfuzz-0-exid24,170,709
715,fairfuzz-0-exid24,170,710
716,fairfuzz-0-exid24,170,711
717,fairfuzz-0-exid24,170,712
718,fairfuzz-0-exid24,170,713
719,fairfuzz-0-exid24,170,714
720,fairfuzz-0-exid24,170,715
721,fairfuzz-0-exid24,170,716
722,fairfuzz-0-exid24,170,717
723,fairfuzz-0-exid24,170,718
724,fairfuzz-0-exid24,170,719
725,fairfuzz-0-exid24,170,720
726,fairfuzz-0-exid24,170,721
727,fairfuzz-0-exid24,170,722
728,fairfuzz-0-exid24,170,723
729,fairfuzz-0-exid24,170,724
730,fairfuzz-0-exid24,170,725
731,fairfuzz-0-exid24,170,726
732,fairfuzz-0-exid24,170,727
733,fairfuzz-0-exid24,170,728
734,fairfuzz-0-exid24,170,729
735,fairfuzz-0-exid24,170,730
736,fairfuzz-0-exid24,170,731
737,fairfuzz-0-exid24,170,732
738,fairfuzz-0-exid24,170,733
739,fairfuzz-0-exid24,170,734
740,fairfuzz-0-exid24,170,735
741,fairfuzz-0-exid24,170,736
742,fairfuzz-0-exid24,170,737
743,fairfuzz-0-exid24,170,738
744,fairfuzz-0-exid24,170,739
745,fairfuzz-0-exid24,170,740
746,fairfuzz-0-exid24,170,741
747,fairfuzz-0-exid24,170,742
748,fairfuzz-0-exid24,170,743
749,fairfuzz-0-exid24,170,744
750,fairfuzz-0-exid24,170,745
751,fairfuzz-0-exid24,170,746
752,fairfuzz-0-exid24,170,747
753,fairfuzz-0-exid24,170,748
754,fairfuzz-0-exid24,170,749
755,fairfuzz-0-exid24,170,750
756,fairfuzz-0-exid24,170,751
757,fairfuzz-0-exid24,170,752
758,fairfuzz-0-exid24,170,753
759,fairfuzz-0-exid24,170,754
760,fairfuzz-0-exid24,170,755
761,fairfuzz-0-exid24,170,756
762,fairfuzz-0-exid24,170,757
763,fairfuzz-0-exid24,170,758
764,fairfuzz-0-exid24,170,759
765,fairfuzz-0-exid24,170,760
766,fairfuzz-0-exid24,170,761
767,fairfuzz-0-exid24,170,762
768,fairfuzz-0-exid24,170,763
769,fairfuzz-0-exid24,170,764
770,fairfuzz-0-exid24,170,765
771,fairfuzz-0-exid24,170,766
772,fairfuzz-0-exid24,170,767
773,fairfuzz-0-exid24,170,768
774,fairfuzz-0-exid24,170,769
775,fairfuzz-0-exid24,170,770
776,fairfuzz-0-exid24,170,771
777,fairfuzz-0-exid24,170,772
778,fairfuzz-0-exid24,170,773
779,fairfuzz-0-exid24,170,774
780,fairfuzz-0-exid24,170,775
781,fairfuzz-0-exid24,170,776
782,fairfuzz-0-exid24,170,777
783,fairfuzz-0-exid24,170,778
784,fairfuzz-0-exid24,170,779
785,fairfuzz-0-exid24,170,780
786,fairfuzz-0-exid24,170,781
787,fairfuzz-0-exid24,170,782
788,fairfuzz-0-exid24,170,783
789,fairfuzz-0-exid24,170,784
790,fairfuzz-0-exid24,170,785
791,fairfuzz-0-exid24,170,786
792,fairfuzz-0-exid24,170,787
793,fairfuzz-0-exid24,170,788
794,fairfuzz-0-exid24,170,789
795,fairfuzz-0-exid24,170,790
796,fairfuzz-0-exid24,170,791
797,fairfuzz-0-exid24,170,792
798,fairfuzz-0-exid24,170,793
799,fairfuzz-0-exid24,170,794
800,fairfuzz-0-exid24,170,795
801,fairfuzz-0-exid24,170,796
802,fairfuzz-0-exid24,170,797
803,fairfuzz-0-exid24,170,798
804,fairfuzz-0-exid24,170,799
805,fairfuzz-0-exid24,170,800
806,fairfuzz-0-exid24,170,801
807,fairfuzz-0-exid24,170,802
808,fairfuzz-0-exid24,170,803
809,fairfuzz-0-exid24,170,804
810,fairfuzz-0-exid24,170,805
811,fairfuzz-0-exid24,170,806
812,fairfuzz-0-exid24,170,807
813,fairfuzz-0-exid24,170,808
814,fairfuzz-0-exid24,170,809
815,fairfuzz-0-exid24,170,810
816,fairfuzz-0-exid24,170,811
817,fairfuzz-0-exid24,170,812
818,fairfuzz-0-exid24,170,813
819,fairfuzz-0-exid24,170,814
820,fairfuzz-0-exid24,170,815
821,fairfuzz-0-exid24,170,816
822,fairfuzz-0-exid24,170,817
823,fairfuzz-0-exid24,170,818
824,fairfuzz-0-exid24,170,819
825,fairfuzz-0-exid24,170,820
826,fairfuzz-0-exid24,170,821
827,fairfuzz-0-exid24,170,822
828,fairfuzz-0-exid24,170,823
829,fairfuzz-0-exid24,170,824
830,fairfuzz-0-exid24,170,825
831,fairfuzz-0-exid24,170,826
832,fairfuzz-0-exid24,170,827
833,fairfuzz-0-exid24,170,828
834,fairfuzz-0-exid24,170,829
835,fairfuzz-0-exid24,170,830
836,fairfuzz-0-exid24,170,831
837,fairfuzz-0-exid24,170,832
838,fairfuzz-0-exid24,170,833
839,fairfuzz-0-exid24,170,834
840,fairfuzz-0-exid24,170,835
841,fairfuzz-0-exid24,170,836
842,fairfuzz-0-exid24,170,837
843,fairfuzz-0-exid24,170,838
844,fairfuzz-0-exid24,170,839
845,fairfuzz-0-exid24,170,840
846,fairfuzz-0-exid24,170,841
847,fairfuzz-0-exid24,170,842
848,fairfuzz-0-exid24,170,843
849,fairfuzz-0-exid24,170,844
850,fairfuzz-0-exid24,170,845
851,fairfuzz-0-exid24,170,846
852,fairfuzz-0-exid24,170,847
853,fairfuzz-0-exid24,170,848
854,fairfuzz-0-exid24,170,849
855,fairfuzz-0-exid24,170,850
856,fairfuzz-0-exid24,170,851
857,fairfuzz-0-exid24,170,852
858,fairfuzz-0-exid24,170,853
859,fairfuzz-0-exid24,170,854
860,fairfuzz-0-exid24,170,855
861,fairfuzz-0-exid24,170,856
862,fairfuzz-0-exid24,170,857
863,fairfuzz-0-exid24,170,858
864,fairfuzz-0-exid24,170,859
865,fairfuzz-0-exid24,170,860
866,fairfuzz-0-exid24,170,861
867,fairfuzz-0-exid24,170,862
868,fairfuzz-0-exid24,170,863
869,fairfuzz-0-exid24,170,864
870,fairfuzz-0-exid24,170,865
871,fairfuzz-0-exid24,170,866
872,fairfuzz-0-exid24,170,867
873,fairfuzz-0-exid24,170,868
874,fairfuzz-0-exid24,170,869
875,fairfuzz-0-exid24,170,870
876,fairfuzz-0-exid24,170,871
877,fairfuzz-0-exid24,170,872
878,fairfuzz-0-exid24,170,873
879,fairfuzz-0-exid24,170,874
880,fairfuzz-0-exid24,170,875
881,fairfuzz-0-exid24,170,876
882,fairfuzz-0-exid24,170,877
883,fairfuzz-0-exid24,170,878
884,fairfuzz-0-exid24,170,879
885,fairfuzz-0-exid24,170,880
886,fairfuzz-0-exid24,170,881
887,fairfuzz-0-exid24,170,882
888,fairfuzz-0-exid24,170,883
889,fairfuzz-0-exid24,170,884
890,fairfuzz-0-exid24,170,885
891,fairfuzz-0-exid24,170,886
892,fairfuzz-0-exid24,170,887
893,fairfuzz-0-exid24,170,888
894,fairfuzz-0-exid24,170,889
895,fairfuzz-0-exid24,170,890
896,fairfuzz-0-exid24,170,891
897,fairfuzz-0-exid24,170,892
898,fairfuzz-0-exid24,170,893
899,fairfuzz-0-exid24,170,894
900,fairfuzz-0-exid24,170,895
901,fairfuzz-0-exid24,170,896
902,fairfuzz-0-exid24,170,897
903,fairfuzz-0-exid24,170,898
904,fairfuzz-0-exid24,170,899
905,fairfuzz-0-exid24,170,900
906,fairfuzz-0-exid24,170,901
907,fairfuzz-0-exid24,170,902
908,fairfuzz-0-exid24,170,903
909,fairfuzz-0-exid24,170,904
910,fairfuzz-0-exid24,170,905
911,fairfuzz-0-exid24,170,906
912,fairfuzz-0-exid24,170,907
913,fairfuzz-0-exid24,172,908
914,fairfuzz-0-exid24,172,909
915,fairfuzz-0-exid24,172,910
916,fairfuzz-0-exid24,172,911
917,fairfuzz-0-exid24,172,912
918,fairfuzz-0-exid24,172,913
919,fairfuzz-0-exid24,172,914
920,fairfuzz-0-exid24,172,915
921,fairfuzz-0-exid24,172,916
922,fairfuzz-0-exid24,172,917
923,fairfuzz-0-exid24,172,918
924,fairfuzz-0-exid24,172,919
925,fairfuzz-0-exid24,172,920
926,fairfuzz-0-exid24,172,921
927,fairfuzz-0-exid24,172,922
928,fairfuzz-0-exid24,172,923
929,fairfuzz-0-exid24,172,924
930,fairfuzz-0-exid24,172,925
931,fairfuzz-0-exid24,172,926
932,fairfuzz-0-exid24,172,927
933,fairfuzz-0-exid24,172,928
934,fairfuzz-0-exid24,172,929
935,fairfuzz-0-exid24,172,930
936,fairfuzz-0-exid24,172,931
937,fairfuzz-0-exid24,172,932
938,fairfuzz-0-exid24,172,933
939,fairfuzz-0-exid24,172,934
940,fairfuzz-0-exid24,172,935
941,fairfuzz-0-exid24,172,936
942,fairfuzz-0-exid24,172,937
943,fairfuzz-0-exid24,172,938
944,fairfuzz-0-exid24,172,939
945,fairfuzz-0-exid24,172,940
946,fairfuzz-0-exid24,172,941
947,fairfuzz-0-exid24,172,942
948,fairfuzz-0-exid24,172,943
949,fairfuzz-0-exid24,172,944
950,fairfuzz-0-exid24,172,945
951,fairfuzz-0-exid24,172,946
952,fairfuzz-0-exid24,172,947
953,fairfuzz-0-exid24,172,948
954,fairfuzz-0-exid24,172,949
955,fairfuzz-0-exid24,172,950
956,fairfuzz-0-exid24,172,951
957,fairfuzz-0-exid24,172,952
958,fairfuzz-0-exid24,172,953
959,fairfuzz-0-exid24,172,954
960,fairfuzz-0-exid24,172,955
961,fairfuzz-0-exid24,172,956
962,fairfuzz-0-exid24,172,957
963,fairfuzz-0-exid24,172,958
964,fairfuzz-0-exid24,172,959
965,fairfuzz-0-exid24,172,960
966,fairfuzz-0-exid24,172,961
967,fairfuzz-0-exid24,172,962
968,fairfuzz-0-exid24,172,963
969,fairfuzz-0-exid24,172,964
970,fairfuzz-0-exid24,172,965
971,fairfuzz-0-exid24,172,966
972,fairfuzz-0-exid24,172,967
973,fairfuzz-0-exid24,172,968
974,fairfuzz-0-exid24,172,969
975,fairfuzz-0-exid24,172,970
976,fairfuzz-0-exid24,172,971
977,fairfuzz-0-exid24,172,972
978,fairfuzz-0-exid24,172,973
979,fairfuzz-0-exid24,172,974
980,fairfuzz-0-exid24,172,975
981,fairfuzz-0-exid24,172,976
982,fairfuzz-0-exid24,172,977
983,fairfuzz-0-exid24,172,978
984,fairfuzz-0-exid24,172,979
985,fairfuzz-0-exid24,172,980
986,fairfuzz-0-exid24,172,981
987,fairfuzz-0-exid24,172,982
988,fairfuzz-0-exid24,172,983
989,fairfuzz-0-exid24,172,984
990,fairfuzz-0-exid24,172,985
991,fairfuzz-0-exid24,172,986
992,fairfuzz-0-exid24,172,987
993,fairfuzz-0-exid24,172,988
994,fairfuzz-0-exid24,172,989
995,fairfuzz-0-exid24,172,990
996,fairfuzz-0-exid24,172,991
997,fairfuzz-0-exid24,172,992
998,fairfuzz-0-exid24,172,993
999,fairfuzz-0-exid24,172,994
1000,fairfuzz-0-exid24,172,995
1001,fairfuzz-0-exid24,172,996
1002,fairfuzz-0-exid24,172,997
1003,fairfuzz-0-exid24,172,998
1004,fairfuzz-0-exid24,172,999
1005,fairfuzz-0-exid24,172,1000
1006,fairfuzz-0-exid24,172,1001
1007,fairfuzz-0-exid24,172,1002
1008,fairfuzz-0-exid24,172,1003
1009,fairfuzz-0-exid24,172,1004
1010,fairfuzz-0-exid24,172,1005
1011,fairfuzz-0-exid24,172,1006
1012,fairfuzz-0-exid24,172,1007
1013,fairfuzz-0-exid24,172,1008
1014,fairfuzz-0-exid24,172,1009
1015,fairfuzz-0-exid24,172,1010
1016,fairfuzz-0-exid24,172,1011
1017,fairfuzz-0-exid24,172,1012
1018,fairfuzz-0-exid24,172,1013
1019,fairfuzz-0-exid24,172,1014
1020,fairfuzz-0-exid24,172,1015
1021,fairfuzz-0-exid24,172,1016
1022,fairfuzz-0-exid24,172,1017
1023,fairfuzz-0-exid24,172,1018
1024,fairfuzz-0-exid24,172,1019
1025,fairfuzz-0-exid24,172,1020
1026,fairfuzz-0-exid24,172,1021
1027,fairfuzz-0-exid24,172,1022
1028,fairfuzz-0-exid24,172,1023
1029,fairfuzz-0-exid24,172,1024
1030,fairfuzz-0-exid24,172,1025
1031,fairfuzz-0-exid24,172,1026
1032,fairfuzz-0-exid24,172,1027
1033,fairfuzz-0-exid24,172,1028
1034,fairfuzz-0-exid24,172,1029
1035,fairfuzz-0-exid24,172,1030
1036,fairfuzz-0-exid24,172,1031
1037,fairfuzz-0-exid24,172,1032
1038,fairfuzz-0-exid24,172,1033
1039,fairfuzz-0-exid24,172,1034
1040,fairfuzz-0-exid24,172,1035
1041,fairfuzz-0-exid24,172,1036
1042,fairfuzz-0-exid24,172,1037
1043,fairfuzz-0-exid24,172,1038
1044,fairfuzz-0-exid24,172,1039
1045,fairfuzz-0-exid24,172,1040
1046,fairfuzz-0-exid24,172,1041
1047,fairfuzz-0-exid24,172,1042
1048,fairfuzz-0-exid24,172,1043
1049,fairfuzz-0-exid24,172,1044
1050,fairfuzz-0-exid24,172,1045
1051,fairfuzz-0-exid24,172,1046
1052,fairfuzz-0-exid24,172,1047
1053,fairfuzz-0-exid24,172,1048
1054,fairfuzz-0-exid24,172,1049
1055,fairfuzz-0-exid24,172,1050
1056,fairfuzz-0-exid24,172,1051
1057,fairfuzz-0-exid24,172,1052
1058,fairfuzz-0-exid24,172,1053
1059,fairfuzz-0-exid24,172,1054
1060,fairfuzz-0-exid24,172,1055
1061,fairfuzz-0-exid24,172,1056
1062,fairfuzz-0-exid24,172,1057
1063,fairfuzz-0-exid24,172,1058
1064,fairfuzz-0-exid24,172,1059
1065,fairfuzz-0-exid24,172,1060
1066,fairfuzz-0-exid24,172,1061
1067,fairfuzz-0-exid24,172,1062
1068,fairfuzz-0-exid24,172,1063
1069,fairfuzz-0-exid24,172,1064
1070,fairfuzz-0-exid24,172,1065
1071,fairfuzz-0-exid24,172,1066
1072,fairfuzz-0-exid24,172,1067
1073,fairfuzz-0-exid24,172,1068
1074,fairfuzz-0-exid24,172,1069
1075,fairfuzz-0-exid24,172,1070
1076,fairfuzz-0-exid24,172,1071
1077,fairfuzz-0-exid24,172,1072
1078,fairfuzz-0-exid24,172,1073
1079,fairfuzz-0-exid24,172,1074
1080,fairfuzz-0-exid24,172,1075
1081,fairfuzz-0-exid24,172,1076
1082,fairfuzz-0-exid24,172,1077
1083,fairfuzz-0-exid24,172,1078
1084,fairfuzz-0-exid24,172,1079
1085,fairfuzz-0-exid24,172,1080
1086,fairfuzz-0-exid24,172,1081
1087,fairfuzz-0-exid24,172,1082
1088,fairfuzz-0-exid24,172,1083
1089,fairfuzz-0-exid24,172,1084
1090,fairfuzz-0-exid24,172,1085
1091,fairfuzz-0-exid24,172,1086
1092,fairfuzz-0-exid24,172,1087
1093,fairfuzz-0-exid24,172,1088
1094,fairfuzz-0-exid24,172,1089
1095,fairfuzz-0-exid24,172,1090
1096,fairfuzz-0-exid24,172,1091
1097,fairfuzz-0-exid24,172,1092
1098,fairfuzz-0-exid24,172,1093
1099,fairfuzz-0-exid24,172,1094
1100,fairfuzz-0-exid24,172,1095
1101,fairfuzz-0-exid24,172,1096
1102,fairfuzz-0-exid24,172,1097
1103,fairfuzz-0-exid24,172,1098
1104,fairfuzz-0-exid24,172,1099
1105,fairfuzz-0-exid24,172,1100
1106,fairfuzz-0-exid24,172,1101
1107,fairfuzz-0-exid24,172,1102
1108,fairfuzz-0-exid24,172,1103
1109,fairfuzz-0-exid24,172,1104
1110,fairfuzz-0-exid24,172,1105
1111,fairfuzz-0-exid24,172,1106
1112,fairfuzz-0-exid24,172,1107
1113,fairfuzz-0-exid24,172,1108
1114,fairfuzz-0-exid24,172,1109
1115,fairfuzz-0-exid24,172,1110
1116,fairfuzz-0-exid24,172,1111
1117,fairfuzz-0-exid24,172,1112
1118,fairfuzz-0-exid24,172,1113
1119,fairfuzz-0-exid24,172,1114
1120,fairfuzz-0-exid24,172,1115
1121,fairfuzz-0-exid24,172,1116
1122,fairfuzz-0-exid24,172,1117
1123,fairfuzz-0-exid24,172,1118
1124,fairfuzz-0-exid24,172,1119
1125,fairfuzz-0-exid24,172,1120
1126,fairfuzz-0-exid24,172,1121
1127,fairfuzz-0-exid24,172,1122
1128,fairfuzz-0-exid24,172,1123
1129,fairfuzz-0-exid24,172,1124
1130,fairfuzz-0-exid24,172,1125
1131,fairfuzz-0-exid24,172,1126
1132,fairfuzz-0-exid24,172,1127
1133,fairfuzz-0-exid24,172,1128
1134,fairfuzz-0-exid24,172,1129
1135,fairfuzz-0-exid24,172,1130
1136,fairfuzz-0-exid24,172,1131
1137,fairfuzz-0-exid24,172,1132
1138,fairfuzz-0-exid24,172,1133
1139,fairfuzz-0-exid24,172,1134
1140,fairfuzz-0-exid24,172,1135
1141,fairfuzz-0-exid24,172,1136
1142,fairfuzz-0-exid24,172,1137
1143,fairfuzz-0-exid24,172,1138
1144,fairfuzz-0-exid24,172,1139
1145,fairfuzz-0-exid24,172,1140
1146,fairfuzz-0-exid24,172,1141
1147,fairfuzz-0-exid24,172,1142
1148,fairfuzz-0-exid24,172,1143
1149,fairfuzz-0-exid24,172,1144
1150,fairfuzz-0-exid24,172,1145
1151,fairfuzz-0-exid24,172,1146
1152,fairfuzz-0-exid24,172,1147
1153,fairfuzz-0-exid24,172,1148
1154,fairfuzz-0-exid24,172,1149
1155,fairfuzz-0-exid24,172,1150
1156,fairfuzz-0-exid24,172,1151
1157,fairfuzz-0-exid24,172,1152
1158,fairfuzz-0-exid24,172,1153
1159,fairfuzz-0-exid24,172,1154
1160,fairfuzz-0-exid24,172,1155
1161,fairfuzz-0-exid24,172,1156
1162,fairfuzz-0-exid24,172,1157
1163,fairfuzz-0-exid24,172,1158
1164,fairfuzz-0-exid24,172,1159
1165,fairfuzz-0-exid24,172,1160
1166,fairfuzz-0-exid24,172,1161
1167,fairfuzz-0-exid24,172,1162
1168,fairfuzz-0-exid24,172,1163
1169,fairfuzz-0-exid24,172,1164
1170,fairfuzz-0-exid24,172,1165
1171,fairfuzz-0-exid24,172,1166
1172,fairfuzz-0-exid24,172,1167
1173,fairfuzz-0-exid24,172,1168
1174,fairfuzz-0-exid24,172,1169
1175,fairfuzz-0-exid24,172,1170
1176,fairfuzz-0-exid24,172,1171
1177,fairfuzz-0-exid24,172,1172
1178,fairfuzz-0-exid24,172,1173
1179,fairfuzz-0-exid24,172,1174
1180,fairfuzz-0-exid24,172,1175
1181,fairfuzz-0-exid24,172,1176
1182,fairfuzz-0-exid24,172,1177
1183,fairfuzz-0-exid24,172,1178
1184,fairfuzz-0-exid24,172,1179
1185,fairfuzz-0-exid24,172,1180
1186,fairfuzz-0-exid24,172,1181
1187,fairfuzz-0-exid24,172,1182
1188,fairfuzz-0-exid24,172,1183
1189,fairfuzz-0-exid24,172,1184
1190,fairfuzz-0-exid24,172,1185
1191,fairfuzz-0-exid24,172,1186
1192,fairfuzz-0-exid24,172,1187
1193,fairfuzz-0-exid24,172,1188
1194,fairfuzz-0-exid24,172,1189
1195,fairfuzz-0-exid24,172,1190
1196,fairfuzz-0-exid24,172,1191
1197,fairfuzz-0-exid24,172,1192
1198,fairfuzz-0-exid24,172,1193
1199,fairfuzz-0-exid24,172,1194
1200,fairfuzz-0-exid24,172,1195
1201,fairfuzz-0-exid24,172,1196
1202,fairfuzz-0-exid24,172,1197
1203,fairfuzz-0-exid24,172,1198
1204,fairfuzz-0-exid24,172,1199
1205,fairfuzz-0-exid24,172,1200
1206,fairfuzz-0-exid24,172,1201
1207,fairfuzz-0-exid24,172,1202
1208,fairfuzz-0-exid24,172,1203
1209,fairfuzz-0-exid24,172,1204
1210,fairfuzz-0-exid24,172,1205
1211,fairfuzz-0-exid24,172,1206
1212,fairfuzz-0-exid24,172,1207
1213,fairfuzz-0-exid24,172,1208
1214,fairfuzz-0-exid24,172,1209
1215,fairfuzz-0-exid24,172,1210
1216,fairfuzz-0-exid24,172,1211
1217,fairfuzz-0-exid24,172,1212
1218,fairfuzz-0-exid24,172,1213
1219,fairfuzz-0-exid24,172,1214
1220,fairfuzz-0-exid24,172,1215
1221,fairfuzz-0-exid24,172,1216
1222,fairfuzz-0-exid24,172,1217
1223,fairfuzz-0-exid24,172,1218
1224,fairfuzz-0-exid24,172,1219
1225,fairfuzz-0-exid24,172,1220
1226,fairfuzz-0-exid24,172,1221
1227,fairfuzz-0-exid24,172,1222
1228,fairfuzz-0-exid24,172,1223
1229,fairfuzz-0-exid24,172,1224
1230,fairfuzz-0-exid24,172,1225
1231,fairfuzz-0-exid24,172,1226
1232,fairfuzz-0-exid24,172,1227
1233,fairfuzz-0-exid24,172,1228
1234,fairfuzz-0-exid24,172,1229
1235,fairfuzz-0-exid24,172,1230
1236,fairfuzz-0-exid24,172,1231
1237,fairfuzz-0-exid24,172,1232
1238,fairfuzz-0-exid24,172,1233
1239,fairfuzz-0-exid24,172,1234
1240,fairfuzz-0-exid24,172,1235
1241,fairfuzz-0-exid24,172,1236
1242,fairfuzz-0-exid24,172,1237
1243,fairfuzz-0-exid24,172,1238
1244,fairfuzz-0-exid24,172,1239
1245,fairfuzz-0-exid24,172,1240
1246,fairfuzz-0-exid24,172,1241
1247,fairfuzz-0-exid24,172,1242
1248,fairfuzz-0-exid24,172,1243
1249,fairfuzz-0-exid24,172,1244
1250,fairfuzz-0-exid24,172,1245
1251,fairfuzz-0-exid24,172,1246
1252,fairfuzz-0-exid24,172,1247
1253,fairfuzz-0-exid24,172,1248
1254,fairfuzz-0-exid24,172,1249
1255,fairfuzz-0-exid24,172,1250
1256,fairfuzz-0-exid24,172,1251
1257,fairfuzz-0-exid24,172,1252
1258,fairfuzz-0-exid24,172,1253
1259,fairfuzz-0-exid24,172,1254
1260,fairfuzz-0-exid24,172,1255
1261,fairfuzz-0-exid24,172,1256
1262,fairfuzz-0-exid24,172,1257
1263,fairfuzz-0-exid24,172,1258
1264,fairfuzz-0-exid24,172,1259
1265,fairfuzz-0-exid24,172,1260
1266,fairfuzz-0-exid24,172,1261
1267,fairfuzz-0-exid24,172,1262
1268,fairfuzz-0-exid24,172,1263
1269,fairfuzz-0-exid24,172,1264
1270,fairfuzz-0-exid24,172,1265
1271,fairfuzz-0-exid24,172,1266
1272,fairfuzz-0-exid24,172,1267
1273,fairfuzz-0-exid24,172,1268
1274,fairfuzz-0-exid24,172,1269
1275,fairfuzz-0-exid24,172,1270
1276,fairfuzz-0-exid24,172,1271
1277,fairfuzz-0-exid24,172,1272
1278,fairfuzz-0-exid24,172,1273
1279,fairfuzz-0-exid24,172,1274
1280,fairfuzz-0-exid24,172,1275
1281,fairfuzz-0-exid24,172,1276
1282,fairfuzz-0-exid24,172,1277
1283,fairfuzz-0-exid24,172,1278
1284,fairfuzz-0-exid24,172,1279
1285,fairfuzz-0-exid24,172,1280
1286,fairfuzz-0-exid24,172,1281
1287,fairfuzz-0-exid24,172,1282
1288,fairfuzz-0-exid24,172,1283
1289,fairfuzz-0-exid24,172,1284
1290,fairfuzz-0-exid24,172,1285
1291,fairfuzz-0-exid24,172,1286
1292,fairfuzz-0-exid24,172,1287
1293,fairfuzz-0-exid24,172,1288
1294,fairfuzz-0-exid24,172,1289
1295,fairfuzz-0-exid24,172,1290
1296,fairfuzz-0-exid24,172,1291
1297,fairfuzz-0-exid24,172,1292
1298,fairfuzz-0-exid24,172,1293
1299,fairfuzz-0-exid24,172,1294
1300,fairfuzz-0-exid24,172,1295
1301,fairfuzz-0-exid24,172,1296
1302,fairfuzz-0-exid24,172,1297
1303,fairfuzz-0-exid24,172,1298
1304,fairfuzz-0-exid24,172,1299
1305,fairfuzz-0-exid24,172,1300
1306,fairfuzz-0-exid24,172,1301
1307,fairfuzz-0-exid24,172,1302
1308,fairfuzz-0-exid24,172,1303
1309,fairfuzz-0-exid24,172,1304
1310,fairfuzz-0-exid24,172,1305
1311,fairfuzz-0-exid24,172,1306
1312,fairfuzz-0-exid24,172,1307
1313,fairfuzz-0-exid24,172,1308
1314,fairfuzz-0-exid24,172,1309
1315,fairfuzz-0-exid24,172,1310
1316,fairfuzz-0-exid24,172,1311
1317,fairfuzz-0-exid24,172,1312
1318,fairfuzz-0-exid24,172,1313
1319,fairfuzz-0-exid24,172,1314
1320,fairfuzz-0-exid24,172,1315
1321,fairfuzz-0-exid24,172,1316
1322,fairfuzz-0-exid24,172,1317
1323,fairfuzz-0-exid24,172,1318
1324,fairfuzz-0-exid24,172,1319
1325,fairfuzz-0-exid24,172,1320
1326,fairfuzz-0-exid24,172,1321
1327,fairfuzz-0-exid24,172,1322
1328,fairfuzz-0-exid24,172,1323
1329,fairfuzz-0-exid24,172,1324
1330,fairfuzz-0-exid24,172,1325
1331,fairfuzz-0-exid24,172,1326
1332,fairfuzz-0-exid24,172,1327
1333,fairfuzz-0-exid24,172,1328
1334,fairfuzz-0-exid24,172,1329
1335,fairfuzz-0-exid24,172,1330
1336,fairfuzz-0-exid24,172,1331
1337,fairfuzz-0-exid24,172,1332
1338,fairfuzz-0-exid24,172,1333
1339,fairfuzz-0-exid24,172,1334
1340,fairfuzz-0-exid24,172,1335
1341,fairfuzz-0-exid24,172,1336
1342,fairfuzz-0-exid24,172,1337
1343,fairfuzz-0-exid24,172,1338
1344,fairfuzz-0-exid24,172,1339
1345,fairfuzz-0-exid24,172,1340
1346,fairfuzz-0-exid24,172,1341
1347,fairfuzz-0-exid24,172,1342
1348,fairfuzz-0-exid24,172,1343
1349,fairfuzz-0-exid24,172,1344
1350,fairfuzz-0-exid24,172,1345
1351,fairfuzz-0-exid24,172,1346
1352,fairfuzz-0-exid24,172,1347
1353,fairfuzz-0-exid24,172,1348
1354,fairfuzz-0-exid24,172,1349
1355,fairfuzz-0-exid24,172,1350
1356,fairfuzz-0-exid24,172,1351
1357,fairfuzz-0-exid24,172,1352
1358,fairfuzz-0-exid24,172,1353
1359,fairfuzz-0-exid24,172,1354
1360,fairfuzz-0-exid24,172,1355
1361,fairfuzz-0-exid24,172,1356
1362,fairfuzz-0-exid24,172,1357
1363,fairfuzz-0-exid24,172,1358
1364,fairfuzz-0-exid24,172,1359
1365,fairfuzz-0-exid24,172,1360
1366,fairfuzz-0-exid24,172,1361
1367,fairfuzz-0-exid24,172,1362
1368,fairfuzz-0-exid24,172,1363
1369,fairfuzz-0-exid24,172,1364
1370,fairfuzz-0-exid24,172,1365
1371,fairfuzz-0-exid24,172,1366
1372,fairfuzz-0-exid24,172,1367
1373,fairfuzz-0-exid24,172,1368
1374,fairfuzz-0-exid24,172,1369
1375,fairfuzz-0-exid24,172,1370
1376,fairfuzz-0-exid24,172,1371
1377,fairfuzz-0-exid24,172,1372
1378,fairfuzz-0-exid24,172,1373
1379,fairfuzz-0-exid24,172,1374
1380,fairfuzz-0-exid24,172,1375
1381,fairfuzz-0-exid24,172,1376
1382,fairfuzz-0-exid24,172,1377
1383,fairfuzz-0-exid24,172,1378
1384,fairfuzz-0-exid24,172,1379
1385,fairfuzz-0-exid24,172,1380
1386,fairfuzz-0-exid24,172,1381
1387,fairfuzz-0-exid24,172,1382
1388,fairfuzz-0-exid24,172,1383
1389,fairfuzz-0-exid24,172,1384
1390,fairfuzz-0-exid24,172,1385
1391,fairfuzz-0-exid24,172,1386
1392,fairfuzz-0-exid24,172,1387
1393,fairfuzz-0-exid24,172,1388
1394,fairfuzz-0-exid24,172,1389
1395,fairfuzz-0-exid24,172,1390
1396,fairfuzz-0-exid24,172,1391
1397,fairfuzz-0-exid24,172,1392
1398,fairfuzz-0-exid24,172,1393
1399,fairfuzz-0-exid24,172,1394
1400,fairfuzz-0-exid24,172,1395
1401,fairfuzz-0-exid24,172,1396
1402,fairfuzz-0-exid24,172,1397
1403,fairfuzz-0-exid24,172,1398
1404,fairfuzz-0-exid24,172,1399
1405,fairfuzz-0-exid24,172,1400
1406,fairfuzz-0-exid24,172,1401
1407,fairfuzz-0-exid24,172,1402
1408,fairfuzz-0-exid24,172,1403
1409,fairfuzz-0-exid24,172,1404
1410,fairfuzz-0-exid24,172,1405
1411,fairfuzz-0-exid24,172,1406
1412,fairfuzz-0-exid24,172,1407
1413,fairfuzz-0-exid24,172,1408
1414,fairfuzz-0-exid24,172,1409
1415,fairfuzz-0-exid24,172,1410
1416,fairfuzz-0-exid24,172,1411
1417,fairfuzz-0-exid24,172,1412
1418,fairfuzz-0-exid24,172,1413
1419,fairfuzz-0-exid24,172,1414
1420,fairfuzz-0-exid24,172,1415
1421,fairfuzz-0-exid24,172,1416
1422,fairfuzz-0-exid24,172,1417
1423,fairfuzz-0-exid24,172,1418
1424,fairfuzz-0-exid24,172,1419
1425,fairfuzz-0-exid24,172,1420
1426,fairfuzz-0-exid24,172,1421
1427,fairfuzz-0-exid24,172,1422
1428,fairfuzz-0-exid24,172,1423
1429,fairfuzz-0-exid24,172,1424
1430,fairfuzz-0-exid24,172,1425
1431,fairfuzz-0-exid24,172,1426
1432,fairfuzz-0-exid24,172,1427
1433,fairfuzz-0-exid24,172,1428
1434,fairfuzz-0-exid24,172,1429
1435,fairfuzz-0-exid24,172,1430
1436,fairfuzz-0-exid24,172,1431
1437,fairfuzz-0-exid24,172,1432
1438,fairfuzz-0-exid24,172,1433
1439,fairfuzz-0-exid24,172,1434
1440,fairfuzz-0-exid24,172,1435
1441,fairfuzz-0-exid24,172,1436
1442,fairfuzz-0-exid24,172,1437
1443,fairfuzz-0-exid24,172,1438
1444,fairfuzz-0-exid24,172,1439
1445,aflfast-0-exid24,58,0
1446,aflfast-0-exid24,87,1
1447,aflfast-0-exid24,92,2
1448,aflfast-0-exid24,97,3
1449,aflfast-0-exid24,101,4
1450,aflfast-0-exid24,103,5
1451,aflfast-0-exid24,104,6
1452,aflfast-0-exid24,106,7
1453,aflfast-0-exid24,108,8
1454,aflfast-0-exid24,110,9
1455,aflfast-0-exid24,112,10
1456,aflfast-0-exid24,112,11
1457,aflfast-0-exid24,113,12
1458,aflfast-0-exid24,114,13
1459,aflfast-0-exid24,114,14
1460,aflfast-0-exid24,150,15
1461,aflfast-0-exid24,150,16
1462,aflfast-0-exid24,150,17
1463,aflfast-0-exid24,150,18
1464,aflfast-0-exid24,150,19
1465,aflfast-0-exid24,150,20
1466,aflfast-0-exid24,150,21
1467,aflfast-0-exid24,163,22
1468,aflfast-0-exid24,164,23
1469,aflfast-0-exid24,164,24
1470,aflfast-0-exid24,164,25
1471,aflfast-0-exid24,164,26
1472,aflfast-0-exid24,164,27
1473,aflfast-0-exid24,165,28
1474,aflfast-0-exid24,165,29
1475,aflfast-0-exid24,165,30
1476,aflfast-0-exid24,165,31
1477,aflfast-0-exid24,165,32
1478,aflfast-0-exid24,165,33
1479,aflfast-0-exid24,165,34
1480,aflfast-0-exid24,165,35
1481,aflfast-0-exid24,165,36
1482,aflfast-0-exid24,165,37
1483,aflfast-0-exid24,165,38
1484,aflfast-0-exid24,165,39
1485,aflfast-0-exid24,165,40
1486,aflfast-0-exid24,165,41
1487,aflfast-0-exid24,165,42
1488,aflfast-0-exid24,165,43
1489,aflfast-0-exid24,165,44
1490,aflfast-0-exid24,165,45
1491,aflfast-0-exid24,165,46
1492,aflfast-0-exid24,165,47
1493,aflfast-0-exid24,165,48
1494,aflfast-0-exid24,165,49
1495,aflfast-0-exid24,165,50
1496,aflfast-0-exid24,165,51
1497,aflfast-0-exid24,165,52
1498,aflfast-0-exid24,165,53
1499,aflfast-0-exid24,165,54
1500,aflfast-0-exid24,165,55
1501,aflfast-0-exid24,165,56
1502,aflfast-0-exid24,165,57
1503,aflfast-0-exid24,165,58
1504,aflfast-0-exid24,165,59
1505,aflfast-0-exid24,165,60
1506,aflfast-0-exid24,165,61
1507,aflfast-0-exid24,165,62
1508,aflfast-0-exid24,165,63
1509,aflfast-0-exid24,165,64
1510,aflfast-0-exid24,165,65
1511,aflfast-0-exid24,165,66
1512,aflfast-0-exid24,165,67
1513,aflfast-0-exid24,165,68
1514,aflfast-0-exid24,165,69
1515,aflfast-0-exid24,165,70
1516,aflfast-0-exid24,165,71
1517,aflfast-0-exid24,165,72
1518,aflfast-0-exid24,165,73
1519,aflfast-0-exid24,165,74
1520,aflfast-0-exid24,165,75
1521,aflfast-0-exid24,165,76
1522,aflfast-0-exid24,165,77
1523,aflfast-0-exid24,165,78
1524,aflfast-0-exid24,165,79
1525,aflfast-0-exid24,165,80
1526,aflfast-0-exid24,165,81
1527,aflfast-0-exid24,168,82
1528,aflfast-0-exid24,168,83
1529,aflfast-0-exid24,168,84
1530,aflfast-0-exid24,168,85
1531,aflfast-0-exid24,168,86
1532,aflfast-0-exid24,168,87
1533,aflfast-0-exid24,168,88
1534,aflfast-0-exid24,168,89
1535,aflfast-0-exid24,168,90
1536,aflfast-0-exid24,168,91
1537,aflfast-0-exid24,168,92
1538,aflfast-0-exid24,168,93
1539,aflfast-0-exid24,168,94
1540,aflfast-0-exid24,168,95
1541,aflfast-0-exid24,168,96
1542,aflfast-0-exid24,168,97
1543,aflfast-0-exid24,168,98
1544,aflfast-0-exid24,168,99
1545,aflfast-0-exid24,168,100
1546,aflfast-0-exid24,168,101
1547,aflfast-0-exid24,168,102
1548,aflfast-0-exid24,168,103
1549,aflfast-0-exid24,168,104
1550,aflfast-0-exid24,168,105
1551,aflfast-0-exid24,168,106
1552,aflfast-0-exid24,168,107
1553,aflfast-0-exid24,168,108
1554,aflfast-0-exid24,168,109
1555,aflfast-0-exid24,168,110
1556,aflfast-0-exid24,168,111
1557,aflfast-0-exid24,168,112
1558,aflfast-0-exid24,168,113
1559,aflfast-0-exid24,168,114
1560,aflfast-0-exid24,168,115
1561,aflfast-0-exid24,168,116
1562,aflfast-0-exid24,168,117
1563,aflfast-0-exid24,168,118
1564,aflfast-0-exid24,168,119
1565,aflfast-0-exid24,168,120
1566,aflfast-0-exid24,168,121
1567,aflfast-0-exid24,173,122
1568,aflfast-0-exid24,173,123
1569,aflfast-0-exid24,173,124
1570,aflfast-0-exid24,173,125
1571,aflfast-0-exid24,173,126
1572,aflfast-0-exid24,173,127
1573,aflfast-0-exid24,173,128
1574,aflfast-0-exid24,173,129
1575,aflfast-0-exid24,173,130
1576,aflfast-0-exid24,173,131
1577,aflfast-0-exid24,173,132
1578,aflfast-0-exid24,173,133
1579,aflfast-0-exid24,173,134
1580,aflfast-0-exid24,173,135
1581,aflfast-0-exid24,173,136
1582,aflfast-0-exid24,173,137
1583,aflfast-0-exid24,173,138
1584,aflfast-0-exid24,173,139
1585,aflfast-0-exid24,173,140
1586,aflfast-0-exid24,173,141
1587,aflfast-0-exid24,173,142
1588,aflfast-0-exid24,173,143
1589,aflfast-0-exid24,173,144
1590,aflfast-0-exid24,173,145
1591,aflfast-0-exid24,173,146
1592,aflfast-0-exid24,173,147
1593,aflfast-0-exid24,173,148
1594,aflfast-0-exid24,173,149
1595,aflfast-0-exid24,173,150
1596,aflfast-0-exid24,173,151
1597,aflfast-0-exid24,173,152
1598,aflfast-0-exid24,173,153
1599,aflfast-0-exid24,173,154
1600,aflfast-0-exid24,173,155
1601,aflfast-0-exid24,173,156
1602,aflfast-0-exid24,173,157
1603,aflfast-0-exid24,173,158
1604,aflfast-0-exid24,173,159
1605,aflfast-0-exid24,173,160
1606,aflfast-0-exid24,173,161
1607,aflfast-0-exid24,174,162
1608,aflfast-0-exid24,174,163
1609,aflfast-0-exid24,174,164
1610,aflfast-0-exid24,174,165
1611,aflfast-0-exid24,174,166
1612,aflfast-0-exid24,174,167
1613,aflfast-0-exid24,174,168
1614,aflfast-0-exid24,174,169
1615,aflfast-0-exid24,174,170
1616,aflfast-0-exid24,174,171
1617,aflfast-0-exid24,174,172
1618,aflfast-0-exid24,174,173
1619,aflfast-0-exid24,174,174
1620,aflfast-0-exid24,174,175
1621,aflfast-0-exid24,174,176
1622,aflfast-0-exid24,174,177
1623,aflfast-0-exid24,174,178
1624,aflfast-0-exid24,174,179
1625,aflfast-0-exid24,174,180
1626,aflfast-0-exid24,174,181
1627,aflfast-0-exid24,174,182
1628,aflfast-0-exid24,174,183
1629,aflfast-0-exid24,174,184
1630,aflfast-0-exid24,174,185
1631,aflfast-0-exid24,174,186
1632,aflfast-0-exid24,174,187
1633,aflfast-0-exid24,174,188
1634,aflfast-0-exid24,174,189
1635,aflfast-0-exid24,174,190
1636,aflfast-0-exid24,174,191
1637,aflfast-0-exid24,174,192
1638,aflfast-0-exid24,174,193
1639,aflfast-0-exid24,174,194
1640,aflfast-0-exid24,174,195
1641,aflfast-0-exid24,174,196
1642,aflfast-0-exid24,174,197
1643,aflfast-0-exid24,174,198
1644,aflfast-0-exid24,174,199
1645,aflfast-0-exid24,174,200
1646,aflfast-0-exid24,174,201
1647,aflfast-0-exid24,174,202
1648,aflfast-0-exid24,174,203
1649,aflfast-0-exid24,174,204
1650,aflfast-0-exid24,174,205
1651,aflfast-0-exid24,174,206
1652,aflfast-0-exid24,174,207
1653,aflfast-0-exid24,174,208
1654,aflfast-0-exid24,174,209
1655,aflfast-0-exid24,174,210
1656,aflfast-0-exid24,174,211
1657,aflfast-0-exid24,174,212
1658,aflfast-0-exid24,174,213
1659,aflfast-0-exid24,174,214
1660,aflfast-0-exid24,174,215
1661,aflfast-0-exid24,174,216
1662,aflfast-0-exid24,174,217
1663,aflfast-0-exid24,174,218
1664,aflfast-0-exid24,174,219
1665,aflfast-0-exid24,174,220
1666,aflfast-0-exid24,174,221
1667,aflfast-0-exid24,174,222
1668,aflfast-0-exid24,174,223
1669,aflfast-0-exid24,174,224
1670,aflfast-0-exid24,174,225
1671,aflfast-0-exid24,174,226
1672,aflfast-0-exid24,174,227
1673,aflfast-0-exid24,174,228
1674,aflfast-0-exid24,174,229
1675,aflfast-0-exid24,174,230
1676,aflfast-0-exid24,174,231
1677,aflfast-0-exid24,174,232
1678,aflfast-0-exid24,174,233
1679,aflfast-0-exid24,174,234
1680,aflfast-0-exid24,174,235
1681,aflfast-0-exid24,174,236
1682,aflfast-0-exid24,174,237
1683,aflfast-0-exid24,174,238
1684,aflfast-0-exid24,174,239
1685,aflfast-0-exid24,174,240
1686,aflfast-0-exid24,174,241
1687,aflfast-0-exid24,174,242
1688,aflfast-0-exid24,174,243
1689,aflfast-0-exid24,174,244
1690,aflfast-0-exid24,174,245
1691,aflfast-0-exid24,174,246
1692,aflfast-0-exid24,174,247
1693,aflfast-0-exid24,174,248
1694,aflfast-0-exid24,174,249
1695,aflfast-0-exid24,174,250
1696,aflfast-0-exid24,174,251
1697,aflfast-0-exid24,174,252
1698,aflfast-0-exid24,174,253
1699,aflfast-0-exid24,174,254
1700,aflfast-0-exid24,174,255
1701,aflfast-0-exid24,174,256
1702,aflfast-0-exid24,174,257
1703,aflfast-0-exid24,174,258
1704,aflfast-0-exid24,174,259
1705,aflfast-0-exid24,174,260
1706,aflfast-0-exid24,174,261
1707,aflfast-0-exid24,174,262
1708,aflfast-0-exid24,174,263
1709,aflfast-0-exid24,174,264
1710,aflfast-0-exid24,174,265
1711,aflfast-0-exid24,174,266
1712,aflfast-0-exid24,174,267
1713,aflfast-0-exid24,174,268
1714,aflfast-0-exid24,174,269
1715,aflfast-0-exid24,174,270
1716,aflfast-0-exid24,174,271
1717,aflfast-0-exid24,174,272
1718,aflfast-0-exid24,174,273
1719,aflfast-0-exid24,174,274
1720,aflfast-0-exid24,174,275
1721,aflfast-0-exid24,174,276
1722,aflfast-0-exid24,174,277
1723,aflfast-0-exid24,174,278
1724,aflfast-0-exid24,174,279
1725,aflfast-0-exid24,174,280
1726,aflfast-0-exid24,174,281
1727,aflfast-0-exid24,174,282
1728,aflfast-0-exid24,174,283
1729,aflfast-0-exid24,174,284
1730,aflfast-0-exid24,174,285
1731,aflfast-0-exid24,174,286
1732,aflfast-0-exid24,174,287
1733,aflfast-0-exid24,174,288
1734,aflfast-0-exid24,174,289
1735,aflfast-0-exid24,174,290
1736,aflfast-0-exid24,174,291
1737,aflfast-0-exid24,174,292
1738,aflfast-0-exid24,174,293
1739,aflfast-0-exid24,174,294
1740,aflfast-0-exid24,174,295
1741,aflfast-0-exid24,174,296
1742,aflfast-0-exid24,174,297
1743,aflfast-0-exid24,174,298
1744,aflfast-0-exid24,174,299
1745,aflfast-0-exid24,174,300
1746,aflfast-0-exid24,174,301
1747,aflfast-0-exid24,174,302
1748,aflfast-0-exid24,174,303
1749,aflfast-0-exid24,174,304
1750,aflfast-0-exid24,174,305
1751,aflfast-0-exid24,174,306
1752,aflfast-0-exid24,174,307
1753,aflfast-0-exid24,174,308
1754,aflfast-0-exid24,174,309
1755,aflfast-0-exid24,174,310
1756,aflfast-0-exid24,174,311
1757,aflfast-0-exid24,174,312
1758,aflfast-0-exid24,174,313
1759,aflfast-0-exid24,174,314
1760,aflfast-0-exid24,174,315
1761,aflfast-0-exid24,174,316
1762,aflfast-0-exid24,174,317
1763,aflfast-0-exid24,174,318
1764,aflfast-0-exid24,174,319
1765,aflfast-0-exid24,174,320
1766,aflfast-0-exid24,174,321
1767,aflfast-0-exid24,174,322
1768,aflfast-0-exid24,174,323
1769,aflfast-0-exid24,174,324
1770,aflfast-0-exid24,174,325
1771,aflfast-0-exid24,174,326
1772,aflfast-0-exid24,174,327
1773,aflfast-0-exid24,174,328
1774,aflfast-0-exid24,174,329
1775,aflfast-0-exid24,174,330
1776,aflfast-0-exid24,174,331
1777,aflfast-0-exid24,174,332
1778,aflfast-0-exid24,174,333
1779,aflfast-0-exid24,174,334
1780,aflfast-0-exid24,174,335
1781,aflfast-0-exid24,174,336
1782,aflfast-0-exid24,174,337
1783,aflfast-0-exid24,174,338
1784,aflfast-0-exid24,174,339
1785,aflfast-0-exid24,174,340
1786,aflfast-0-exid24,174,341
1787,aflfast-0-exid24,174,342
1788,aflfast-0-exid24,174,343
1789,aflfast-0-exid24,174,344
1790,aflfast-0-exid24,174,345
1791,aflfast-0-exid24,174,346
1792,aflfast-0-exid24,174,347
1793,aflfast-0-exid24,174,348
1794,aflfast-0-exid24,174,349
1795,aflfast-0-exid24,174,350
1796,aflfast-0-exid24,174,351
1797,aflfast-0-exid24,174,352
1798,aflfast-0-exid24,174,353
1799,aflfast-0-exid24,174,354
1800,aflfast-0-exid24,174,355
1801,aflfast-0-exid24,174,356
1802,aflfast-0-exid24,174,357
1803,aflfast-0-exid24,174,358
1804,aflfast-0-exid24,174,359
1805,aflfast-0-exid24,174,360
1806,aflfast-0-exid24,174,361
1807,aflfast-0-exid24,174,362
1808,aflfast-0-exid24,174,363
1809,aflfast-0-exid24,174,364
1810,aflfast-0-exid24,174,365
1811,aflfast-0-exid24,174,366
1812,aflfast-0-exid24,174,367
1813,aflfast-0-exid24,174,368
1814,aflfast-0-exid24,174,369
1815,aflfast-0-exid24,174,370
1816,aflfast-0-exid24,174,371
1817,aflfast-0-exid24,174,372
1818,aflfast-0-exid24,174,373
1819,aflfast-0-exid24,174,374
1820,aflfast-0-exid24,174,375
1821,aflfast-0-exid24,174,376
1822,aflfast-0-exid24,174,377
1823,aflfast-0-exid24,174,378
1824,aflfast-0-exid24,174,379
1825,aflfast-0-exid24,174,380
1826,aflfast-0-exid24,174,381
1827,aflfast-0-exid24,174,382
1828,aflfast-0-exid24,174,383
1829,aflfast-0-exid24,174,384
1830,aflfast-0-exid24,174,385
1831,aflfast-0-exid24,174,386
1832,aflfast-0-exid24,174,387
1833,aflfast-0-exid24,174,388
1834,aflfast-0-exid24,174,389
1835,aflfast-0-exid24,174,390
1836,aflfast-0-exid24,174,391
1837,aflfast-0-exid24,174,392
1838,aflfast-0-exid24,174,393
1839,aflfast-0-exid24,174,394
1840,aflfast-0-exid24,174,395
1841,aflfast-0-exid24,174,396
1842,aflfast-0-exid24,174,397
1843,aflfast-0-exid24,174,398
1844,aflfast-0-exid24,174,399
1845,aflfast-0-exid24,174,400
1846,aflfast-0-exid24,174,401
1847,aflfast-0-exid24,174,402
1848,aflfast-0-exid24,174,403
1849,aflfast-0-exid24,174,404
1850,aflfast-0-exid24,174,405
1851,aflfast-0-exid24,174,406
1852,aflfast-0-exid24,174,407
1853,aflfast-0-exid24,174,408
1854,aflfast-0-exid24,174,409
1855,aflfast-0-exid24,174,410
1856,aflfast-0-exid24,174,411
1857,aflfast-0-exid24,174,412
1858,aflfast-0-exid24,174,413
1859,aflfast-0-exid24,174,414
1860,aflfast-0-exid24,174,415
1861,aflfast-0-exid24,174,416
1862,aflfast-0-exid24,174,417
1863,aflfast-0-exid24,174,418
1864,aflfast-0-exid24,174,419
1865,aflfast-0-exid24,174,420
1866,aflfast-0-exid24,174,421
1867,aflfast-0-exid24,174,422
1868,aflfast-0-exid24,174,423
1869,aflfast-0-exid24,174,424
1870,aflfast-0-exid24,174,425
1871,aflfast-0-exid24,174,426
1872,aflfast-0-exid24,174,427
1873,aflfast-0-exid24,174,428
1874,aflfast-0-exid24,174,429
1875,aflfast-0-exid24,174,430
1876,aflfast-0-exid24,174,431
1877,aflfast-0-exid24,174,432
1878,aflfast-0-exid24,174,433
1879,aflfast-0-exid24,174,434
1880,aflfast-0-exid24,174,435
1881,aflfast-0-exid24,174,436
1882,aflfast-0-exid24,174,437
1883,aflfast-0-exid24,174,438
1884,aflfast-0-exid24,174,439
1885,aflfast-0-exid24,174,440
1886,aflfast-0-exid24,174,441
1887,aflfast-0-exid24,174,442
1888,aflfast-0-exid24,174,443
1889,aflfast-0-exid24,174,444
1890,aflfast-0-exid24,174,445
1891,aflfast-0-exid24,174,446
1892,aflfast-0-exid24,174,447
1893,aflfast-0-exid24,174,448
1894,aflfast-0-exid24,174,449
1895,aflfast-0-exid24,174,450
1896,aflfast-0-exid24,174,451
1897,aflfast-0-exid24,174,452
1898,aflfast-0-exid24,174,453
1899,aflfast-0-exid24,174,454
1900,aflfast-0-exid24,174,455
1901,aflfast-0-exid24,174,456
1902,aflfast-0-exid24,174,457
1903,aflfast-0-exid24,174,458
1904,aflfast-0-exid24,174,459
1905,aflfast-0-exid24,174,460
1906,aflfast-0-exid24,174,461
1907,aflfast-0-exid24,174,462
1908,aflfast-0-exid24,174,463
1909,aflfast-0-exid24,174,464
1910,aflfast-0-exid24,174,465
1911,aflfast-0-exid24,174,466
1912,aflfast-0-exid24,174,467
1913,aflfast-0-exid24,174,468
1914,aflfast-0-exid24,174,469
1915,aflfast-0-exid24,174,470
1916,aflfast-0-exid24,174,471
1917,aflfast-0-exid24,174,472
1918,aflfast-0-exid24,174,473
1919,aflfast-0-exid24,174,474
1920,aflfast-0-exid24,174,475
1921,aflfast-0-exid24,174,476
1922,aflfast-0-exid24,174,477
1923,aflfast-0-exid24,174,478
1924,aflfast-0-exid24,174,479
1925,aflfast-0-exid24,174,480
1926,aflfast-0-exid24,174,481
1927,aflfast-0-exid24,174,482
1928,aflfast-0-exid24,174,483
1929,aflfast-0-exid24,174,484
1930,aflfast-0-exid24,174,485
1931,aflfast-0-exid24,174,486
1932,aflfast-0-exid24,174,487
1933,aflfast-0-exid24,174,488
1934,aflfast-0-exid24,174,489
1935,aflfast-0-exid24,174,490
1936,aflfast-0-exid24,174,491
1937,aflfast-0-exid24,174,492
1938,aflfast-0-exid24,174,493
1939,aflfast-0-exid24,174,494
1940,aflfast-0-exid24,174,495
1941,aflfast-0-exid24,174,496
1942,aflfast-0-exid24,174,497
1943,aflfast-0-exid24,174,498
1944,aflfast-0-exid24,174,499
1945,aflfast-0-exid24,174,500
1946,aflfast-0-exid24,174,501
1947,aflfast-0-exid24,174,502
1948,aflfast-0-exid24,174,503
1949,aflfast-0-exid24,174,504
1950,aflfast-0-exid24,174,505
1951,aflfast-0-exid24,174,506
1952,aflfast-0-exid24,174,507
1953,aflfast-0-exid24,174,508
1954,aflfast-0-exid24,174,509
1955,aflfast-0-exid24,174,510
1956,aflfast-0-exid24,174,511
1957,aflfast-0-exid24,174,512
1958,aflfast-0-exid24,174,513
1959,aflfast-0-exid24,174,514
1960,aflfast-0-exid24,174,515
1961,aflfast-0-exid24,174,516
1962,aflfast-0-exid24,174,517
1963,aflfast-0-exid24,174,518
1964,aflfast-0-exid24,174,519
1965,aflfast-0-exid24,174,520
1966,aflfast-0-exid24,174,521
1967,aflfast-0-exid24,174,522
1968,aflfast-0-exid24,174,523
1969,aflfast-0-exid24,174,524
1970,aflfast-0-exid24,174,525
1971,aflfast-0-exid24,174,526
1972,aflfast-0-exid24,174,527
1973,aflfast-0-exid24,174,528
1974,aflfast-0-exid24,174,529
1975,aflfast-0-exid24,174,530
1976,aflfast-0-exid24,174,531
1977,aflfast-0-exid24,174,532
1978,aflfast-0-exid24,174,533
1979,aflfast-0-exid24,174,534
1980,aflfast-0-exid24,174,535
1981,aflfast-0-exid24,174,536
1982,aflfast-0-exid24,174,537
1983,aflfast-0-exid24,174,538
1984,aflfast-0-exid24,174,539
1985,aflfast-0-exid24,174,540
1986,aflfast-0-exid24,174,541
1987,aflfast-0-exid24,174,542
1988,aflfast-0-exid24,174,543
1989,aflfast-0-exid24,174,544
1990,aflfast-0-exid24,174,545
1991,aflfast-0-exid24,174,546
1992,aflfast-0-exid24,174,547
1993,aflfast-0-exid24,174,548
1994,aflfast-0-exid24,174,549
1995,aflfast-0-exid24,174,550
1996,aflfast-0-exid24,174,551
1997,aflfast-0-exid24,174,552
1998,aflfast-0-exid24,174,553
1999,aflfast-0-exid24,174,554
2000,aflfast-0-exid24,174,555
2001,aflfast-0-exid24,174,556
2002,aflfast-0-exid24,174,557
2003,aflfast-0-exid24,174,558
2004,aflfast-0-exid24,174,559
2005,aflfast-0-exid24,174,560
2006,aflfast-0-exid24,174,561
2007,aflfast-0-exid24,174,562
2008,aflfast-0-exid24,174,563
2009,aflfast-0-exid24,174,564
2010,aflfast-0-exid24,174,565
2011,aflfast-0-exid24,174,566
2012,aflfast-0-exid24,174,567
2013,aflfast-0-exid24,174,568
2014,aflfast-0-exid24,174,569
2015,aflfast-0-exid24,174,570
2016,aflfast-0-exid24,174,571
2017,aflfast-0-exid24,174,572
2018,aflfast-0-exid24,174,573
2019,aflfast-0-exid24,174,574
2020,aflfast-0-exid24,174,575
2021,aflfast-0-exid24,174,576
2022,aflfast-0-exid24,174,577
2023,aflfast-0-exid24,174,578
2024,aflfast-0-exid24,174,579
2025,aflfast-0-exid24,174,580
2026,aflfast-0-exid24,174,581
2027,aflfast-0-exid24,174,582
2028,aflfast-0-exid24,174,583
2029,aflfast-0-exid24,174,584
2030,aflfast-0-exid24,174,585
2031,aflfast-0-exid24,174,586
2032,aflfast-0-exid24,174,587
2033,aflfast-0-exid24,174,588
2034,aflfast-0-exid24,174,589
2035,aflfast-0-exid24,174,590
2036,aflfast-0-exid24,174,591
2037,aflfast-0-exid24,174,592
2038,aflfast-0-exid24,174,593
2039,aflfast-0-exid24,174,594
2040,aflfast-0-exid24,174,595
2041,aflfast-0-exid24,183,596
2042,aflfast-0-exid24,183,597
2043,aflfast-0-exid24,183,598
2044,aflfast-0-exid24,183,599
2045,aflfast-0-exid24,184,600
2046,aflfast-0-exid24,184,601
2047,aflfast-0-exid24,184,602
2048,aflfast-0-exid24,184,603
2049,aflfast-0-exid24,184,604
2050,aflfast-0-exid24,184,605
2051,aflfast-0-exid24,184,606
2052,aflfast-0-exid24,184,607
2053,aflfast-0-exid24,184,608
2054,aflfast-0-exid24,184,609
2055,aflfast-0-exid24,184,610
2056,aflfast-0-exid24,184,611
2057,aflfast-0-exid24,184,612
2058,aflfast-0-exid24,184,613
2059,aflfast-0-exid24,184,614
2060,aflfast-0-exid24,184,615
2061,aflfast-0-exid24,184,616
2062,aflfast-0-exid24,184,617
2063,aflfast-0-exid24,184,618
2064,aflfast-0-exid24,184,619
2065,aflfast-0-exid24,184,620
2066,aflfast-0-exid24,184,621
2067,aflfast-0-exid24,184,622
2068,aflfast-0-exid24,184,623
2069,aflfast-0-exid24,184,624
2070,aflfast-0-exid24,184,625
2071,aflfast-0-exid24,184,626
2072,aflfast-0-exid24,184,627
2073,aflfast-0-exid24,184,628
2074,aflfast-0-exid24,184,629
2075,aflfast-0-exid24,184,630
2076,aflfast-0-exid24,184,631
2077,aflfast-0-exid24,184,632
2078,aflfast-0-exid24,184,633
2079,aflfast-0-exid24,184,634
2080,aflfast-0-exid24,184,635
2081,aflfast-0-exid24,184,636
2082,aflfast-0-exid24,184,637
2083,aflfast-0-exid24,184,638
2084,aflfast-0-exid24,184,639
2085,aflfast-0-exid24,184,640
2086,aflfast-0-exid24,184,641
2087,aflfast-0-exid24,184,642
2088,aflfast-0-exid24,184,643
2089,aflfast-0-exid24,184,644
2090,aflfast-0-exid24,184,645
2091,aflfast-0-exid24,184,646
2092,aflfast-0-exid24,184,647
2093,aflfast-0-exid24,184,648
2094,aflfast-0-exid24,184,649
2095,aflfast-0-exid24,184,650
2096,aflfast-0-exid24,184,651
2097,aflfast-0-exid24,184,652
2098,aflfast-0-exid24,184,653
2099,aflfast-0-exid24,184,654
2100,aflfast-0-exid24,184,655
2101,aflfast-0-exid24,184,656
2102,aflfast-0-exid24,184,657
2103,aflfast-0-exid24,184,658
2104,aflfast-0-exid24,184,659
2105,aflfast-0-exid24,184,660
2106,aflfast-0-exid24,184,661
2107,aflfast-0-exid24,184,662
2108,aflfast-0-exid24,184,663
2109,aflfast-0-exid24,184,664
2110,aflfast-0-exid24,184,665
2111,aflfast-0-exid24,184,666
2112,aflfast-0-exid24,184,667
2113,aflfast-0-exid24,184,668
2114,aflfast-0-exid24,184,669
2115,aflfast-0-exid24,184,670
2116,aflfast-0-exid24,184,671
2117,aflfast-0-exid24,184,672
2118,aflfast-0-exid24,184,673
2119,aflfast-0-exid24,184,674
2120,aflfast-0-exid24,184,675
2121,aflfast-0-exid24,184,676
2122,aflfast-0-exid24,184,677
2123,aflfast-0-exid24,184,678
2124,aflfast-0-exid24,184,679
2125,aflfast-0-exid24,184,680
2126,aflfast-0-exid24,184,681
2127,aflfast-0-exid24,184,682
2128,aflfast-0-exid24,184,683
2129,aflfast-0-exid24,184,684
2130,aflfast-0-exid24,184,685
2131,aflfast-0-exid24,184,686
2132,aflfast-0-exid24,184,687
2133,aflfast-0-exid24,184,688
2134,aflfast-0-exid24,184,689
2135,aflfast-0-exid24,184,690
2136,aflfast-0-exid24,184,691
2137,aflfast-0-exid24,184,692
2138,aflfast-0-exid24,184,693
2139,aflfast-0-exid24,184,694
2140,aflfast-0-exid24,184,695
2141,aflfast-0-exid24,184,696
2142,aflfast-0-exid24,184,697
2143,aflfast-0-exid24,184,698
2144,aflfast-0-exid24,184,699
2145,aflfast-0-exid24,184,700
2146,aflfast-0-exid24,184,701
2147,aflfast-0-exid24,184,702
2148,aflfast-0-exid24,184,703
2149,aflfast-0-exid24,184,704
2150,aflfast-0-exid24,184,705
2151,aflfast-0-exid24,184,706
2152,aflfast-0-exid24,184,707
2153,aflfast-0-exid24,184,708
2154,aflfast-0-exid24,184,709
2155,aflfast-0-exid24,184,710
2156,aflfast-0-exid24,184,711
2157,aflfast-0-exid24,184,712
2158,aflfast-0-exid24,184,713
2159,aflfast-0-exid24,184,714
2160,aflfast-0-exid24,184,715
2161,aflfast-0-exid24,184,716
2162,aflfast-0-exid24,184,717
2163,aflfast-0-exid24,184,718
2164,aflfast-0-exid24,184,719
2165,aflfast-0-exid24,184,720
2166,aflfast-0-exid24,184,721
2167,aflfast-0-exid24,184,722
2168,aflfast-0-exid24,184,723
2169,aflfast-0-exid24,184,724
2170,aflfast-0-exid24,184,725
2171,aflfast-0-exid24,184,726
2172,aflfast-0-exid24,184,727
2173,aflfast-0-exid24,184,728
2174,aflfast-0-exid24,184,729
2175,aflfast-0-exid24,184,730
2176,aflfast-0-exid24,184,731
2177,aflfast-0-exid24,184,732
2178,aflfast-0-exid24,184,733
2179,aflfast-0-exid24,184,734
2180,aflfast-0-exid24,184,735
2181,aflfast-0-exid24,184,736
2182,aflfast-0-exid24,184,737
2183,aflfast-0-exid24,184,738
2184,aflfast-0-exid24,184,739
2185,aflfast-0-exid24,184,740
2186,aflfast-0-exid24,184,741
2187,aflfast-0-exid24,184,742
2188,aflfast-0-exid24,184,743
2189,aflfast-0-exid24,184,744
2190,aflfast-0-exid24,184,745
2191,aflfast-0-exid24,184,746
2192,aflfast-0-exid24,184,747
2193,aflfast-0-exid24,184,748
2194,aflfast-0-exid24,184,749
2195,aflfast-0-exid24,184,750
2196,aflfast-0-exid24,184,751
2197,aflfast-0-exid24,184,752
2198,aflfast-0-exid24,184,753
2199,aflfast-0-exid24,184,754
2200,aflfast-0-exid24,184,755
2201,aflfast-0-exid24,184,756
2202,aflfast-0-exid24,184,757
2203,aflfast-0-exid24,184,758
2204,aflfast-0-exid24,184,759
2205,aflfast-0-exid24,184,760
2206,aflfast-0-exid24,184,761
2207,aflfast-0-exid24,184,762
2208,aflfast-0-exid24,184,763
2209,aflfast-0-exid24,184,764
2210,aflfast-0-exid24,184,765
2211,aflfast-0-exid24,184,766
2212,aflfast-0-exid24,184,767
2213,aflfast-0-exid24,184,768
2214,aflfast-0-exid24,184,769
2215,aflfast-0-exid24,184,770
2216,aflfast-0-exid24,184,771
2217,aflfast-0-exid24,184,772
2218,aflfast-0-exid24,184,773
2219,aflfast-0-exid24,184,774
2220,aflfast-0-exid24,184,775
2221,aflfast-0-exid24,184,776
2222,aflfast-0-exid24,184,777
2223,aflfast-0-exid24,184,778
2224,aflfast-0-exid24,184,779
2225,aflfast-0-exid24,184,780
2226,aflfast-0-exid24,184,781
2227,aflfast-0-exid24,184,782
2228,aflfast-0-exid24,184,783
2229,aflfast-0-exid24,184,784
2230,aflfast-0-exid24,184,785
2231,aflfast-0-exid24,184,786
2232,aflfast-0-exid24,184,787
2233,aflfast-0-exid24,184,788
2234,aflfast-0-exid24,184,789
2235,aflfast-0-exid24,184,790
2236,aflfast-0-exid24,184,791
2237,aflfast-0-exid24,184,792
2238,aflfast-0-exid24,184,793
2239,aflfast-0-exid24,184,794
2240,aflfast-0-exid24,184,795
2241,aflfast-0-exid24,184,796
2242,aflfast-0-exid24,184,797
2243,aflfast-0-exid24,184,798
2244,aflfast-0-exid24,184,799
2245,aflfast-0-exid24,184,800
2246,aflfast-0-exid24,184,801
2247,aflfast-0-exid24,184,802
2248,aflfast-0-exid24,184,803
2249,aflfast-0-exid24,184,804
2250,aflfast-0-exid24,184,805
2251,aflfast-0-exid24,184,806
2252,aflfast-0-exid24,184,807
2253,aflfast-0-exid24,184,808
2254,aflfast-0-exid24,184,809
2255,aflfast-0-exid24,184,810
2256,aflfast-0-exid24,184,811
2257,aflfast-0-exid24,184,812
2258,aflfast-0-exid24,184,813
2259,aflfast-0-exid24,184,814
2260,aflfast-0-exid24,184,815
2261,aflfast-0-exid24,184,816
2262,aflfast-0-exid24,184,817
2263,aflfast-0-exid24,184,818
2264,aflfast-0-exid24,184,819
2265,aflfast-0-exid24,184,820
2266,aflfast-0-exid24,184,821
2267,aflfast-0-exid24,184,822
2268,aflfast-0-exid24,184,823
2269,aflfast-0-exid24,184,824
2270,aflfast-0-exid24,184,825
2271,aflfast-0-exid24,184,826
2272,aflfast-0-exid24,184,827
2273,aflfast-0-exid24,184,828
2274,aflfast-0-exid24,184,829
2275,aflfast-0-exid24,184,830
2276,aflfast-0-exid24,184,831
2277,aflfast-0-exid24,184,832
2278,aflfast-0-exid24,184,833
2279,aflfast-0-exid24,184,834
2280,aflfast-0-exid24,184,835
2281,aflfast-0-exid24,184,836
2282,aflfast-0-exid24,184,837
2283,aflfast-0-exid24,184,838
2284,aflfast-0-exid24,184,839
2285,aflfast-0-exid24,184,840
2286,aflfast-0-exid24,184,841
2287,aflfast-0-exid24,184,842
2288,aflfast-0-exid24,184,843
2289,aflfast-0-exid24,184,844
2290,aflfast-0-exid24,184,845
2291,aflfast-0-exid24,184,846
2292,aflfast-0-exid24,184,847
2293,aflfast-0-exid24,184,848
2294,aflfast-0-exid24,184,849
2295,aflfast-0-exid24,184,850
2296,aflfast-0-exid24,184,851
2297,aflfast-0-exid24,184,852
2298,aflfast-0-exid24,184,853
2299,aflfast-0-exid24,184,854
2300,aflfast-0-exid24,184,855
2301,aflfast-0-exid24,184,856
2302,aflfast-0-exid24,184,857
2303,aflfast-0-exid24,184,858
2304,aflfast-0-exid24,184,859
2305,aflfast-0-exid24,184,860
2306,aflfast-0-exid24,184,861
2307,aflfast-0-exid24,184,862
2308,aflfast-0-exid24,184,863
2309,aflfast-0-exid24,184,864
2310,aflfast-0-exid24,184,865
2311,aflfast-0-exid24,184,866
2312,aflfast-0-exid24,184,867
2313,aflfast-0-exid24,184,868
2314,aflfast-0-exid24,184,869
2315,aflfast-0-exid24,184,870
2316,aflfast-0-exid24,184,871
2317,aflfast-0-exid24,184,872
2318,aflfast-0-exid24,184,873
2319,aflfast-0-exid24,184,874
2320,aflfast-0-exid24,184,875
2321,aflfast-0-exid24,184,876
2322,aflfast-0-exid24,184,877
2323,aflfast-0-exid24,184,878
2324,aflfast-0-exid24,184,879
2325,aflfast-0-exid24,184,880
2326,aflfast-0-exid24,184,881
2327,aflfast-0-exid24,184,882
2328,aflfast-0-exid24,184,883
2329,aflfast-0-exid24,184,884
2330,aflfast-0-exid24,184,885
2331,aflfast-0-exid24,184,886
2332,aflfast-0-exid24,184,887
2333,aflfast-0-exid24,184,888
2334,aflfast-0-exid24,184,889
2335,aflfast-0-exid24,184,890
2336,aflfast-0-exid24,184,891
2337,aflfast-0-exid24,184,892
2338,aflfast-0-exid24,184,893
2339,aflfast-0-exid24,184,894
2340,aflfast-0-exid24,184,895
2341,aflfast-0-exid24,184,896
2342,aflfast-0-exid24,186,897
2343,aflfast-0-exid24,186,898
2344,aflfast-0-exid24,186,899
2345,aflfast-0-exid24,186,900
2346,aflfast-0-exid24,186,901
2347,aflfast-0-exid24,186,902
2348,aflfast-0-exid24,186,903
2349,aflfast-0-exid24,186,904
2350,aflfast-0-exid24,186,905
2351,aflfast-0-exid24,186,906
2352,aflfast-0-exid24,186,907
2353,aflfast-0-exid24,186,908
2354,aflfast-0-exid24,186,909
2355,aflfast-0-exid24,186,910
2356,aflfast-0-exid24,186,911
2357,aflfast-0-exid24,186,912
2358,aflfast-0-exid24,186,913
2359,aflfast-0-exid24,186,914
2360,aflfast-0-exid24,186,915
2361,aflfast-0-exid24,186,916
2362,aflfast-0-exid24,186,917
2363,aflfast-0-exid24,186,918
2364,aflfast-0-exid24,186,919
2365,aflfast-0-exid24,186,920
2366,aflfast-0-exid24,186,921
2367,aflfast-0-exid24,186,922
2368,aflfast-0-exid24,186,923
2369,aflfast-0-exid24,186,924
2370,aflfast-0-exid24,186,925
2371,aflfast-0-exid24,186,926
2372,aflfast-0-exid24,186,927
2373,aflfast-0-exid24,186,928
2374,aflfast-0-exid24,186,929
2375,aflfast-0-exid24,186,930
2376,aflfast-0-exid24,186,931
2377,aflfast-0-exid24,186,932
2378,aflfast-0-exid24,186,933
2379,aflfast-0-exid24,186,934
2380,aflfast-0-exid24,186,935
2381,aflfast-0-exid24,186,936
2382,aflfast-0-exid24,186,937
2383,aflfast-0-exid24,186,938
2384,aflfast-0-exid24,186,939
2385,aflfast-0-exid24,186,940
2386,aflfast-0-exid24,186,941
2387,aflfast-0-exid24,186,942
2388,aflfast-0-exid24,186,943
2389,aflfast-0-exid24,186,944
2390,aflfast-0-exid24,186,945
2391,aflfast-0-exid24,186,946
2392,aflfast-0-exid24,186,947
2393,aflfast-0-exid24,186,948
2394,aflfast-0-exid24,186,949
2395,aflfast-0-exid24,186,950
2396,aflfast-0-exid24,186,951
2397,aflfast-0-exid24,186,952
2398,aflfast-0-exid24,186,953
2399,aflfast-0-exid24,186,954
2400,aflfast-0-exid24,186,955
2401,aflfast-0-exid24,186,956
2402,aflfast-0-exid24,186,957
2403,aflfast-0-exid24,186,958
2404,aflfast-0-exid24,186,959
2405,aflfast-0-exid24,186,960
2406,aflfast-0-exid24,186,961
2407,aflfast-0-exid24,186,962
2408,aflfast-0-exid24,186,963
2409,aflfast-0-exid24,186,964
2410,aflfast-0-exid24,186,965
2411,aflfast-0-exid24,186,966
2412,aflfast-0-exid24,186,967
2413,aflfast-0-exid24,186,968
2414,aflfast-0-exid24,186,969
2415,aflfast-0-exid24,186,970
2416,aflfast-0-exid24,186,971
2417,aflfast-0-exid24,186,972
2418,aflfast-0-exid24,186,973
2419,aflfast-0-exid24,186,974
2420,aflfast-0-exid24,186,975
2421,aflfast-0-exid24,186,976
2422,aflfast-0-exid24,186,977
2423,aflfast-0-exid24,186,978
2424,aflfast-0-exid24,186,979
2425,aflfast-0-exid24,186,980
2426,aflfast-0-exid24,186,981
2427,aflfast-0-exid24,186,982
2428,aflfast-0-exid24,186,983
2429,aflfast-0-exid24,186,984
2430,aflfast-0-exid24,186,985
2431,aflfast-0-exid24,186,986
2432,aflfast-0-exid24,186,987
2433,aflfast-0-exid24,186,988
2434,aflfast-0-exid24,186,989
2435,aflfast-0-exid24,186,990
2436,aflfast-0-exid24,186,991
2437,aflfast-0-exid24,186,992
2438,aflfast-0-exid24,186,993
2439,aflfast-0-exid24,186,994
2440,aflfast-0-exid24,186,995
2441,aflfast-0-exid24,186,996
2442,aflfast-0-exid24,186,997
2443,aflfast-0-exid24,186,998
2444,aflfast-0-exid24,186,999
2445,aflfast-0-exid24,186,1000
2446,aflfast-0-exid24,186,1001
2447,aflfast-0-exid24,186,1002
2448,aflfast-0-exid24,186,1003
2449,aflfast-0-exid24,186,1004
2450,aflfast-0-exid24,186,1005
2451,aflfast-0-exid24,186,1006
2452,aflfast-0-exid24,186,1007
2453,aflfast-0-exid24,186,1008
2454,aflfast-0-exid24,186,1009
2455,aflfast-0-exid24,186,1010
2456,aflfast-0-exid24,186,1011
2457,aflfast-0-exid24,186,1012
2458,aflfast-0-exid24,186,1013
2459,aflfast-0-exid24,186,1014
2460,aflfast-0-exid24,186,1015
2461,aflfast-0-exid24,186,1016
2462,aflfast-0-exid24,186,1017
2463,aflfast-0-exid24,186,1018
2464,aflfast-0-exid24,186,1019
2465,aflfast-0-exid24,186,1020
2466,aflfast-0-exid24,186,1021
2467,aflfast-0-exid24,186,1022
2468,aflfast-0-exid24,186,1023
2469,aflfast-0-exid24,186,1024
2470,aflfast-0-exid24,186,1025
2471,aflfast-0-exid24,186,1026
2472,aflfast-0-exid24,186,1027
2473,aflfast-0-exid24,186,1028
2474,aflfast-0-exid24,186,1029
2475,aflfast-0-exid24,186,1030
2476,aflfast-0-exid24,186,1031
2477,aflfast-0-exid24,186,1032
2478,aflfast-0-exid24,186,1033
2479,aflfast-0-exid24,186,1034
2480,aflfast-0-exid24,186,1035
2481,aflfast-0-exid24,186,1036
2482,aflfast-0-exid24,186,1037
2483,aflfast-0-exid24,186,1038
2484,aflfast-0-exid24,186,1039
2485,aflfast-0-exid24,186,1040
2486,aflfast-0-exid24,186,1041
2487,aflfast-0-exid24,186,1042
2488,aflfast-0-exid24,186,1043
2489,aflfast-0-exid24,186,1044
2490,aflfast-0-exid24,186,1045
2491,aflfast-0-exid24,186,1046
2492,aflfast-0-exid24,186,1047
2493,aflfast-0-exid24,186,1048
2494,aflfast-0-exid24,186,1049
2495,aflfast-0-exid24,186,1050
2496,aflfast-0-exid24,186,1051
2497,aflfast-0-exid24,186,1052
2498,aflfast-0-exid24,186,1053
2499,aflfast-0-exid24,186,1054
2500,aflfast-0-exid24,186,1055
2501,aflfast-0-exid24,186,1056
2502,aflfast-0-exid24,186,1057
2503,aflfast-0-exid24,186,1058
2504,aflfast-0-exid24,186,1059
2505,aflfast-0-exid24,186,1060
2506,aflfast-0-exid24,186,1061
2507,aflfast-0-exid24,186,1062
2508,aflfast-0-exid24,186,1063
2509,aflfast-0-exid24,186,1064
2510,aflfast-0-exid24,186,1065
2511,aflfast-0-exid24,186,1066
2512,aflfast-0-exid24,186,1067
2513,aflfast-0-exid24,186,1068
2514,aflfast-0-exid24,186,1069
2515,aflfast-0-exid24,186,1070
2516,aflfast-0-exid24,186,1071
2517,aflfast-0-exid24,186,1072
2518,aflfast-0-exid24,186,1073
2519,aflfast-0-exid24,186,1074
2520,aflfast-0-exid24,186,1075
2521,aflfast-0-exid24,186,1076
2522,aflfast-0-exid24,186,1077
2523,aflfast-0-exid24,186,1078
2524,aflfast-0-exid24,186,1079
2525,aflfast-0-exid24,186,1080
2526,aflfast-0-exid24,186,1081
2527,aflfast-0-exid24,186,1082
2528,aflfast-0-exid24,186,1083
2529,aflfast-0-exid24,186,1084
2530,aflfast-0-exid24,186,1085
2531,aflfast-0-exid24,186,1086
2532,aflfast-0-exid24,186,1087
2533,aflfast-0-exid24,186,1088
2534,aflfast-0-exid24,186,1089
2535,aflfast-0-exid24,186,1090
2536,aflfast-0-exid24,186,1091
2537,aflfast-0-exid24,186,1092
2538,aflfast-0-exid24,186,1093
2539,aflfast-0-exid24,186,1094
2540,aflfast-0-exid24,186,1095
2541,aflfast-0-exid24,186,1096
2542,aflfast-0-exid24,186,1097
2543,aflfast-0-exid24,186,1098
2544,aflfast-0-exid24,186,1099
2545,aflfast-0-exid24,186,1100
2546,aflfast-0-exid24,186,1101
2547,aflfast-0-exid24,186,1102
2548,aflfast-0-exid24,186,1103
2549,aflfast-0-exid24,186,1104
2550,aflfast-0-exid24,186,1105
2551,aflfast-0-exid24,186,1106
2552,aflfast-0-exid24,186,1107
2553,aflfast-0-exid24,186,1108
2554,aflfast-0-exid24,186,1109
2555,aflfast-0-exid24,186,1110
2556,aflfast-0-exid24,186,1111
2557,aflfast-0-exid24,186,1112
2558,aflfast-0-exid24,186,1113
2559,aflfast-0-exid24,186,1114
2560,aflfast-0-exid24,186,1115
2561,aflfast-0-exid24,186,1116
2562,aflfast-0-exid24,186,1117
2563,aflfast-0-exid24,186,1118
2564,aflfast-0-exid24,186,1119
2565,aflfast-0-exid24,186,1120
2566,aflfast-0-exid24,186,1121
2567,aflfast-0-exid24,186,1122
2568,aflfast-0-exid24,186,1123
2569,aflfast-0-exid24,186,1124
2570,aflfast-0-exid24,186,1125
2571,aflfast-0-exid24,186,1126
2572,aflfast-0-exid24,186,1127
2573,aflfast-0-exid24,186,1128
2574,aflfast-0-exid24,186,1129
2575,aflfast-0-exid24,186,1130
2576,aflfast-0-exid24,186,1131
2577,aflfast-0-exid24,186,1132
2578,aflfast-0-exid24,186,1133
2579,aflfast-0-exid24,186,1134
2580,aflfast-0-exid24,186,1135
2581,aflfast-0-exid24,186,1136
2582,aflfast-0-exid24,186,1137
2583,aflfast-0-exid24,186,1138
2584,aflfast-0-exid24,186,1139
2585,aflfast-0-exid24,186,1140
2586,aflfast-0-exid24,186,1141
2587,aflfast-0-exid24,186,1142
2588,aflfast-0-exid24,186,1143
2589,aflfast-0-exid24,186,1144
2590,aflfast-0-exid24,186,1145
2591,aflfast-0-exid24,186,1146
2592,aflfast-0-exid24,186,1147
2593,aflfast-0-exid24,186,1148
2594,aflfast-0-exid24,186,1149
2595,aflfast-0-exid24,186,1150
2596,aflfast-0-exid24,186,1151
2597,aflfast-0-exid24,186,1152
2598,aflfast-0-exid24,186,1153
2599,aflfast-0-exid24,186,1154
2600,aflfast-0-exid24,186,1155
2601,aflfast-0-exid24,186,1156
2602,aflfast-0-exid24,186,1157
2603,aflfast-0-exid24,186,1158
2604,aflfast-0-exid24,186,1159
2605,aflfast-0-exid24,186,1160
2606,aflfast-0-exid24,186,1161
2607,aflfast-0-exid24,186,1162
2608,aflfast-0-exid24,186,1163
2609,aflfast-0-exid24,186,1164
2610,aflfast-0-exid24,186,1165
2611,aflfast-0-exid24,186,1166
2612,aflfast-0-exid24,186,1167
2613,aflfast-0-exid24,186,1168
2614,aflfast-0-exid24,186,1169
2615,aflfast-0-exid24,186,1170
2616,aflfast-0-exid24,186,1171
2617,aflfast-0-exid24,186,1172
2618,aflfast-0-exid24,186,1173
2619,aflfast-0-exid24,186,1174
2620,aflfast-0-exid24,186,1175
2621,aflfast-0-exid24,186,1176
2622,aflfast-0-exid24,186,1177
2623,aflfast-0-exid24,186,1178
2624,aflfast-0-exid24,186,1179
2625,aflfast-0-exid24,186,1180
2626,aflfast-0-exid24,186,1181
2627,aflfast-0-exid24,186,1182
2628,aflfast-0-exid24,186,1183
2629,aflfast-0-exid24,186,1184
2630,aflfast-0-exid24,186,1185
2631,aflfast-0-exid24,186,1186
2632,aflfast-0-exid24,186,1187
2633,aflfast-0-exid24,186,1188
2634,aflfast-0-exid24,186,1189
2635,aflfast-0-exid24,186,1190
2636,aflfast-0-exid24,186,1191
2637,aflfast-0-exid24,186,1192
2638,aflfast-0-exid24,186,1193
2639,aflfast-0-exid24,186,1194
2640,aflfast-0-exid24,186,1195
2641,aflfast-0-exid24,186,1196
2642,aflfast-0-exid24,186,1197
2643,aflfast-0-exid24,186,1198
2644,aflfast-0-exid24,186,1199
2645,aflfast-0-exid24,186,1200
2646,aflfast-0-exid24,186,1201
2647,aflfast-0-exid24,186,1202
2648,aflfast-0-exid24,186,1203
2649,aflfast-0-exid24,186,1204
2650,aflfast-0-exid24,186,1205
2651,aflfast-0-exid24,186,1206
2652,aflfast-0-exid24,186,1207
2653,aflfast-0-exid24,186,1208
2654,aflfast-0-exid24,186,1209
2655,aflfast-0-exid24,186,1210
2656,aflfast-0-exid24,186,1211
2657,aflfast-0-exid24,186,1212
2658,aflfast-0-exid24,186,1213
2659,aflfast-0-exid24,186,1214
2660,aflfast-0-exid24,186,1215
2661,aflfast-0-exid24,186,1216
2662,aflfast-0-exid24,186,1217
2663,aflfast-0-exid24,186,1218
2664,aflfast-0-exid24,186,1219
2665,aflfast-0-exid24,186,1220
2666,aflfast-0-exid24,186,1221
2667,aflfast-0-exid24,186,1222
2668,aflfast-0-exid24,186,1223
2669,aflfast-0-exid24,186,1224
2670,aflfast-0-exid24,186,1225
2671,aflfast-0-exid24,186,1226
2672,aflfast-0-exid24,186,1227
2673,aflfast-0-exid24,186,1228
2674,aflfast-0-exid24,186,1229
2675,aflfast-0-exid24,186,1230
2676,aflfast-0-exid24,186,1231
2677,aflfast-0-exid24,186,1232
2678,aflfast-0-exid24,186,1233
2679,aflfast-0-exid24,186,1234
2680,aflfast-0-exid24,186,1235
2681,aflfast-0-exid24,186,1236
2682,aflfast-0-exid24,186,1237
2683,aflfast-0-exid24,186,1238
2684,aflfast-0-exid24,186,1239
2685,aflfast-0-exid24,186,1240
2686,aflfast-0-exid24,186,1241
2687,aflfast-0-exid24,186,1242
2688,aflfast-0-exid24,186,1243
2689,aflfast-0-exid24,186,1244
2690,aflfast-0-exid24,186,1245
2691,aflfast-0-exid24,186,1246
2692,aflfast-0-exid24,186,1247
2693,aflfast-0-exid24,186,1248
2694,aflfast-0-exid24,186,1249
2695,aflfast-0-exid24,186,1250
2696,aflfast-0-exid24,186,1251
2697,aflfast-0-exid24,186,1252
2698,aflfast-0-exid24,186,1253
2699,aflfast-0-exid24,186,1254
2700,aflfast-0-exid24,186,1255
2701,aflfast-0-exid24,186,1256
2702,aflfast-0-exid24,186,1257
2703,aflfast-0-exid24,186,1258
2704,aflfast-0-exid24,186,1259
2705,aflfast-0-exid24,186,1260
2706,aflfast-0-exid24,186,1261
2707,aflfast-0-exid24,186,1262
2708,aflfast-0-exid24,186,1263
2709,aflfast-0-exid24,186,1264
2710,aflfast-0-exid24,186,1265
2711,aflfast-0-exid24,186,1266
2712,aflfast-0-exid24,186,1267
2713,aflfast-0-exid24,186,1268
2714,aflfast-0-exid24,186,1269
2715,aflfast-0-exid24,186,1270
2716,aflfast-0-exid24,186,1271
2717,aflfast-0-exid24,186,1272
2718,aflfast-0-exid24,186,1273
2719,aflfast-0-exid24,186,1274
2720,aflfast-0-exid24,186,1275
2721,aflfast-0-exid24,186,1276
2722,aflfast-0-exid24,186,1277
2723,aflfast-0-exid24,186,1278
2724,aflfast-0-exid24,186,1279
2725,aflfast-0-exid24,186,1280
2726,aflfast-0-exid24,186,1281
2727,aflfast-0-exid24,186,1282
2728,aflfast-0-exid24,186,1283
2729,aflfast-0-exid24,186,1284
2730,aflfast-0-exid24,186,1285
2731,aflfast-0-exid24,186,1286
2732,aflfast-0-exid24,186,1287
2733,aflfast-0-exid24,186,1288
2734,aflfast-0-exid24,186,1289
2735,aflfast-0-exid24,186,1290
2736,aflfast-0-exid24,186,1291
2737,aflfast-0-exid24,186,1292
2738,aflfast-0-exid24,186,1293
2739,aflfast-0-exid24,186,1294
2740,aflfast-0-exid24,186,1295
2741,aflfast-0-exid24,186,1296
2742,aflfast-0-exid24,186,1297
2743,aflfast-0-exid24,186,1298
2744,aflfast-0-exid24,186,1299
2745,aflfast-0-exid24,186,1300
2746,aflfast-0-exid24,186,1301
2747,aflfast-0-exid24,186,1302
2748,aflfast-0-exid24,186,1303
2749,aflfast-0-exid24,186,1304
2750,aflfast-0-exid24,186,1305
2751,aflfast-0-exid24,186,1306
2752,aflfast-0-exid24,186,1307
2753,aflfast-0-exid24,186,1308
2754,aflfast-0-exid24,186,1309
2755,aflfast-0-exid24,186,1310
2756,aflfast-0-exid24,186,1311
2757,aflfast-0-exid24,186,1312
2758,aflfast-0-exid24,186,1313
2759,aflfast-0-exid24,186,1314
2760,aflfast-0-exid24,186,1315
2761,aflfast-0-exid24,186,1316
2762,aflfast-0-exid24,186,1317
2763,aflfast-0-exid24,186,1318
2764,aflfast-0-exid24,186,1319
2765,aflfast-0-exid24,186,1320
2766,aflfast-0-exid24,186,1321
2767,aflfast-0-exid24,186,1322
2768,aflfast-0-exid24,186,1323
2769,aflfast-0-exid24,186,1324
2770,aflfast-0-exid24,186,1325
2771,aflfast-0-exid24,186,1326
2772,aflfast-0-exid24,186,1327
2773,aflfast-0-exid24,186,1328
2774,aflfast-0-exid24,186,1329
2775,aflfast-0-exid24,186,1330
2776,aflfast-0-exid24,186,1331
2777,aflfast-0-exid24,186,1332
2778,aflfast-0-exid24,186,1333
2779,aflfast-0-exid24,186,1334
2780,aflfast-0-exid24,186,1335
2781,aflfast-0-exid24,186,1336
2782,aflfast-0-exid24,186,1337
2783,aflfast-0-exid24,186,1338
2784,aflfast-0-exid24,186,1339
2785,aflfast-0-exid24,186,1340
2786,aflfast-0-exid24,186,1341
2787,aflfast-0-exid24,186,1342
2788,aflfast-0-exid24,186,1343
2789,aflfast-0-exid24,186,1344
2790,aflfast-0-exid24,186,1345
2791,aflfast-0-exid24,186,1346
2792,aflfast-0-exid24,186,1347
2793,aflfast-0-exid24,186,1348
2794,aflfast-0-exid24,186,1349
2795,aflfast-0-exid24,186,1350
2796,aflfast-0-exid24,186,1351
2797,aflfast-0-exid24,186,1352
2798,aflfast-0-exid24,186,1353
2799,aflfast-0-exid24,186,1354
2800,aflfast-0-exid24,186,1355
2801,aflfast-0-exid24,186,1356
2802,aflfast-0-exid24,186,1357
2803,aflfast-0-exid24,186,1358
2804,aflfast-0-exid24,186,1359
2805,aflfast-0-exid24,186,1360
2806,aflfast-0-exid24,186,1361
2807,aflfast-0-exid24,186,1362
2808,aflfast-0-exid24,186,1363
2809,aflfast-0-exid24,186,1364
2810,aflfast-0-exid24,186,1365
2811,aflfast-0-exid24,186,1366
2812,aflfast-0-exid24,186,1367
2813,aflfast-0-exid24,186,1368
2814,aflfast-0-exid24,186,1369
2815,aflfast-0-exid24,186,1370
2816,aflfast-0-exid24,186,1371
2817,aflfast-0-exid24,186,1372
2818,aflfast-0-exid24,186,1373
2819,aflfast-0-exid24,186,1374
2820,aflfast-0-exid24,186,1375
2821,aflfast-0-exid24,186,1376
2822,aflfast-0-exid24,186,1377
2823,aflfast-0-exid24,186,1378
2824,aflfast-0-exid24,186,1379
2825,aflfast-0-exid24,186,1380
2826,aflfast-0-exid24,186,1381
2827,aflfast-0-exid24,186,1382
2828,aflfast-0-exid24,186,1383
2829,aflfast-0-exid24,186,1384
2830,aflfast-0-exid24,186,1385
2831,aflfast-0-exid24,186,1386
2832,aflfast-0-exid24,186,1387
2833,aflfast-0-exid24,186,1388
2834,aflfast-0-exid24,186,1389
2835,aflfast-0-exid24,186,1390
2836,aflfast-0-exid24,186,1391
2837,aflfast-0-exid24,186,1392
2838,aflfast-0-exid24,186,1393
2839,aflfast-0-exid24,186,1394
2840,aflfast-0-exid24,186,1395
2841,aflfast-0-exid24,186,1396
2842,aflfast-0-exid24,186,1397
2843,aflfast-0-exid24,186,1398
2844,aflfast-0-exid24,186,1399
2845,aflfast-0-exid24,186,1400
2846,aflfast-0-exid24,186,1401
2847,aflfast-0-exid24,186,1402
2848,aflfast-0-exid24,186,1403
2849,aflfast-0-exid24,186,1404
2850,aflfast-0-exid24,186,1405
2851,aflfast-0-exid24,186,1406
2852,aflfast-0-exid24,186,1407
2853,aflfast-0-exid24,186,1408
2854,aflfast-0-exid24,186,1409
2855,aflfast-0-exid24,186,1410
2856,aflfast-0-exid24,186,1411
2857,aflfast-0-exid24,186,1412
2858,aflfast-0-exid24,186,1413
2859,aflfast-0-exid24,186,1414
2860,aflfast-0-exid24,186,1415
2861,aflfast-0-exid24,186,1416
2862,aflfast-0-exid24,186,1417
2863,aflfast-0-exid24,186,1418
2864,aflfast-0-exid24,186,1419
2865,aflfast-0-exid24,186,1420
2866,aflfast-0-exid24,186,1421
2867,aflfast-0-exid24,186,1422
2868,aflfast-0-exid24,186,1423
2869,aflfast-0-exid24,186,1424
2870,aflfast-0-exid24,186,1425
2871,aflfast-0-exid24,186,1426
2872,aflfast-0-exid24,186,1427
2873,aflfast-0-exid24,186,1428
2874,aflfast-0-exid24,186,1429
2875,aflfast-0-exid24,186,1430
2876,aflfast-0-exid24,186,1431
2877,aflfast-0-exid24,186,1432
2878,aflfast-0-exid24,186,1433
2879,aflfast-0-exid24,186,1434
2880,aflfast-0-exid24,186,1435
2881,aflfast-0-exid24,186,1436
2882,aflfast-0-exid24,186,1437
2883,aflfast-0-exid24,186,1438
2884,aflfast-0-exid24,186,1439
2885,aflplusplus-0-exid24,59,0
2886,aflplusplus-0-exid24,79,1
2887,aflplusplus-0-exid24,82,2
2888,aflplusplus-0-exid24,84,3
2889,aflplusplus-0-exid24,84,4
2890,aflplusplus-0-exid24,85,5
2891,aflplusplus-0-exid24,126,6
2892,aflplusplus-0-exid24,126,7
2893,aflplusplus-0-exid24,126,8
2894,aflplusplus-0-exid24,126,9
2895,aflplusplus-0-exid24,129,10
2896,aflplusplus-0-exid24,129,11
2897,aflplusplus-0-exid24,129,12
2898,aflplusplus-0-exid24,129,13
2899,aflplusplus-0-exid24,129,14
2900,aflplusplus-0-exid24,145,15
2901,aflplusplus-0-exid24,150,16
2902,aflplusplus-0-exid24,150,17
2903,aflplusplus-0-exid24,150,18
2904,aflplusplus-0-exid24,150,19
2905,aflplusplus-0-exid24,151,20
2906,aflplusplus-0-exid24,151,21
2907,aflplusplus-0-exid24,155,22
2908,aflplusplus-0-exid24,155,23
2909,aflplusplus-0-exid24,155,24
2910,aflplusplus-0-exid24,155,25
2911,aflplusplus-0-exid24,155,26
2912,aflplusplus-0-exid24,155,27
2913,aflplusplus-0-exid24,155,28
2914,aflplusplus-0-exid24,155,29
2915,aflplusplus-0-exid24,156,30
2916,aflplusplus-0-exid24,156,31
2917,aflplusplus-0-exid24,156,32
2918,aflplusplus-0-exid24,156,33
2919,aflplusplus-0-exid24,157,34
2920,aflplusplus-0-exid24,157,35
2921,aflplusplus-0-exid24,157,36
2922,aflplusplus-0-exid24,157,37
2923,aflplusplus-0-exid24,157,38
2924,aflplusplus-0-exid24,157,39
2925,aflplusplus-0-exid24,157,40
2926,aflplusplus-0-exid24,157,41
2927,aflplusplus-0-exid24,157,42
2928,aflplusplus-0-exid24,157,43
2929,aflplusplus-0-exid24,157,44
2930,aflplusplus-0-exid24,157,45
2931,aflplusplus-0-exid24,157,46
2932,aflplusplus-0-exid24,157,47
2933,aflplusplus-0-exid24,157,48
2934,aflplusplus-0-exid24,157,49
2935,aflplusplus-0-exid24,157,50
2936,aflplusplus-0-exid24,157,51
2937,aflplusplus-0-exid24,157,52
2938,aflplusplus-0-exid24,157,53
2939,aflplusplus-0-exid24,157,54
2940,aflplusplus-0-exid24,157,55
2941,aflplusplus-0-exid24,157,56
2942,aflplusplus-0-exid24,157,57
2943,aflplusplus-0-exid24,157,58
2944,aflplusplus-0-exid24,157,59
2945,aflplusplus-0-exid24,157,60
2946,aflplusplus-0-exid24,157,61
2947,aflplusplus-0-exid24,157,62
2948,aflplusplus-0-exid24,157,63
2949,aflplusplus-0-exid24,157,64
2950,aflplusplus-0-exid24,157,65
2951,aflplusplus-0-exid24,157,66
2952,aflplusplus-0-exid24,157,67
2953,aflplusplus-0-exid24,157,68
2954,aflplusplus-0-exid24,157,69
2955,aflplusplus-0-exid24,157,70
2956,aflplusplus-0-exid24,157,71
2957,aflplusplus-0-exid24,157,72
2958,aflplusplus-0-exid24,157,73
2959,aflplusplus-0-exid24,157,74
2960,aflplusplus-0-exid24,157,75
2961,aflplusplus-0-exid24,157,76
2962,aflplusplus-0-exid24,157,77
2963,aflplusplus-0-exid24,157,78
2964,aflplusplus-0-exid24,157,79
2965,aflplusplus-0-exid24,160,80
2966,aflplusplus-0-exid24,160,81
2967,aflplusplus-0-exid24,160,82
2968,aflplusplus-0-exid24,160,83
2969,aflplusplus-0-exid24,160,84
2970,aflplusplus-0-exid24,160,85
2971,aflplusplus-0-exid24,160,86
2972,aflplusplus-0-exid24,161,87
2973,aflplusplus-0-exid24,164,88
2974,aflplusplus-0-exid24,164,89
2975,aflplusplus-0-exid24,164,90
2976,aflplusplus-0-exid24,164,91
2977,aflplusplus-0-exid24,164,92
2978,aflplusplus-0-exid24,164,93
2979,aflplusplus-0-exid24,164,94
2980,aflplusplus-0-exid24,164,95
2981,aflplusplus-0-exid24,165,96
2982,aflplusplus-0-exid24,165,97
2983,aflplusplus-0-exid24,165,98
2984,aflplusplus-0-exid24,165,99
2985,aflplusplus-0-exid24,165,100
2986,aflplusplus-0-exid24,165,101
2987,aflplusplus-0-exid24,165,102
2988,aflplusplus-0-exid24,165,103
2989,aflplusplus-0-exid24,165,104
2990,aflplusplus-0-exid24,165,105
2991,aflplusplus-0-exid24,165,106
2992,aflplusplus-0-exid24,165,107
2993,aflplusplus-0-exid24,165,108
2994,aflplusplus-0-exid24,165,109
2995,aflplusplus-0-exid24,165,110
2996,aflplusplus-0-exid24,165,111
2997,aflplusplus-0-exid24,165,112
2998,aflplusplus-0-exid24,165,113
2999,aflplusplus-0-exid24,165,114
3000,aflplusplus-0-exid24,165,115
3001,aflplusplus-0-exid24,165,116
3002,aflplusplus-0-exid24,165,117
3003,aflplusplus-0-exid24,165,118
3004,aflplusplus-0-exid24,165,119
3005,aflplusplus-0-exid24,165,120
3006,aflplusplus-0-exid24,165,121
3007,aflplusplus-0-exid24,165,122
3008,aflplusplus-0-exid24,165,123
3009,aflplusplus-0-exid24,165,124
3010,aflplusplus-0-exid24,165,125
3011,aflplusplus-0-exid24,165,126
3012,aflplusplus-0-exid24,165,127
3013,aflplusplus-0-exid24,165,128
3014,aflplusplus-0-exid24,165,129
3015,aflplusplus-0-exid24,165,130
3016,aflplusplus-0-exid24,165,131
3017,aflplusplus-0-exid24,165,132
3018,aflplusplus-0-exid24,165,133
3019,aflplusplus-0-exid24,165,134
3020,aflplusplus-0-exid24,165,135
3021,aflplusplus-0-exid24,165,136
3022,aflplusplus-0-exid24,165,137
3023,aflplusplus-0-exid24,165,138
3024,aflplusplus-0-exid24,165,139
3025,aflplusplus-0-exid24,165,140
3026,aflplusplus-0-exid24,165,141
3027,aflplusplus-0-exid24,165,142
3028,aflplusplus-0-exid24,165,143
3029,aflplusplus-0-exid24,165,144
3030,aflplusplus-0-exid24,165,145
3031,aflplusplus-0-exid24,165,146
3032,aflplusplus-0-exid24,165,147
3033,aflplusplus-0-exid24,165,148
3034,aflplusplus-0-exid24,165,149
3035,aflplusplus-0-exid24,165,150
3036,aflplusplus-0-exid24,165,151
3037,aflplusplus-0-exid24,165,152
3038,aflplusplus-0-exid24,165,153
3039,aflplusplus-0-exid24,165,154
3040,aflplusplus-0-exid24,165,155
3041,aflplusplus-0-exid24,165,156
3042,aflplusplus-0-exid24,165,157
3043,aflplusplus-0-exid24,165,158
3044,aflplusplus-0-exid24,165,159
3045,aflplusplus-0-exid24,165,160
3046,aflplusplus-0-exid24,165,161
3047,aflplusplus-0-exid24,165,162
3048,aflplusplus-0-exid24,165,163
3049,aflplusplus-0-exid24,165,164
3050,aflplusplus-0-exid24,165,165
3051,aflplusplus-0-exid24,165,166
3052,aflplusplus-0-exid24,165,167
3053,aflplusplus-0-exid24,165,168
3054,aflplusplus-0-exid24,165,169
3055,aflplusplus-0-exid24,165,170
3056,aflplusplus-0-exid24,165,171
3057,aflplusplus-0-exid24,165,172
3058,aflplusplus-0-exid24,165,173
3059,aflplusplus-0-exid24,165,174
3060,aflplusplus-0-exid24,165,175
3061,aflplusplus-0-exid24,165,176
3062,aflplusplus-0-exid24,165,177
3063,aflplusplus-0-exid24,165,178
3064,aflplusplus-0-exid24,165,179
3065,aflplusplus-0-exid24,165,180
3066,aflplusplus-0-exid24,165,181
3067,aflplusplus-0-exid24,165,182
3068,aflplusplus-0-exid24,165,183
3069,aflplusplus-0-exid24,165,184
3070,aflplusplus-0-exid24,165,185
3071,aflplusplus-0-exid24,165,186
3072,aflplusplus-0-exid24,165,187
3073,aflplusplus-0-exid24,165,188
3074,aflplusplus-0-exid24,165,189
3075,aflplusplus-0-exid24,165,190
3076,aflplusplus-0-exid24,165,191
3077,aflplusplus-0-exid24,165,192
3078,aflplusplus-0-exid24,165,193
3079,aflplusplus-0-exid24,165,194
3080,aflplusplus-0-exid24,165,195
3081,aflplusplus-0-exid24,165,196
3082,aflplusplus-0-exid24,165,197
3083,aflplusplus-0-exid24,165,198
3084,aflplusplus-0-exid24,165,199
3085,aflplusplus-0-exid24,165,200
3086,aflplusplus-0-exid24,165,201
3087,aflplusplus-0-exid24,165,202
3088,aflplusplus-0-exid24,165,203
3089,aflplusplus-0-exid24,165,204
3090,aflplusplus-0-exid24,165,205
3091,aflplusplus-0-exid24,165,206
3092,aflplusplus-0-exid24,165,207
3093,aflplusplus-0-exid24,165,208
3094,aflplusplus-0-exid24,165,209
3095,aflplusplus-0-exid24,165,210
3096,aflplusplus-0-exid24,165,211
3097,aflplusplus-0-exid24,165,212
3098,aflplusplus-0-exid24,165,213
3099,aflplusplus-0-exid24,165,214
3100,aflplusplus-0-exid24,165,215
3101,aflplusplus-0-exid24,165,216
3102,aflplusplus-0-exid24,165,217
3103,aflplusplus-0-exid24,165,218
3104,aflplusplus-0-exid24,165,219
3105,aflplusplus-0-exid24,165,220
3106,aflplusplus-0-exid24,165,221
3107,aflplusplus-0-exid24,165,222
3108,aflplusplus-0-exid24,165,223
3109,aflplusplus-0-exid24,165,224
3110,aflplusplus-0-exid24,165,225
3111,aflplusplus-0-exid24,165,226
3112,aflplusplus-0-exid24,165,227
3113,aflplusplus-0-exid24,165,228
3114,aflplusplus-0-exid24,165,229
3115,aflplusplus-0-exid24,165,230
3116,aflplusplus-0-exid24,165,231
3117,aflplusplus-0-exid24,165,232
3118,aflplusplus-0-exid24,165,233
3119,aflplusplus-0-exid24,165,234
3120,aflplusplus-0-exid24,165,235
3121,aflplusplus-0-exid24,165,236
3122,aflplusplus-0-exid24,165,237
3123,aflplusplus-0-exid24,165,238
3124,aflplusplus-0-exid24,165,239
3125,aflplusplus-0-exid24,165,240
3126,aflplusplus-0-exid24,165,241
3127,aflplusplus-0-exid24,165,242
3128,aflplusplus-0-exid24,165,243
3129,aflplusplus-0-exid24,165,244
3130,aflplusplus-0-exid24,165,245
3131,aflplusplus-0-exid24,165,246
3132,aflplusplus-0-exid24,165,247
3133,aflplusplus-0-exid24,165,248
3134,aflplusplus-0-exid24,165,249
3135,aflplusplus-0-exid24,165,250
3136,aflplusplus-0-exid24,165,251
3137,aflplusplus-0-exid24,165,252
3138,aflplusplus-0-exid24,165,253
3139,aflplusplus-0-exid24,165,254
3140,aflplusplus-0-exid24,165,255
3141,aflplusplus-0-exid24,165,256
3142,aflplusplus-0-exid24,165,257
3143,aflplusplus-0-exid24,165,258
3144,aflplusplus-0-exid24,165,259
3145,aflplusplus-0-exid24,165,260
3146,aflplusplus-0-exid24,165,261
3147,aflplusplus-0-exid24,165,262
3148,aflplusplus-0-exid24,165,263
3149,aflplusplus-0-exid24,165,264
3150,aflplusplus-0-exid24,165,265
3151,aflplusplus-0-exid24,165,266
3152,aflplusplus-0-exid24,165,267
3153,aflplusplus-0-exid24,165,268
3154,aflplusplus-0-exid24,165,269
3155,aflplusplus-0-exid24,165,270
3156,aflplusplus-0-exid24,165,271
3157,aflplusplus-0-exid24,165,272
3158,aflplusplus-0-exid24,165,273
3159,aflplusplus-0-exid24,165,274
3160,aflplusplus-0-exid24,165,275
3161,aflplusplus-0-exid24,165,276
3162,aflplusplus-0-exid24,165,277
3163,aflplusplus-0-exid24,165,278
3164,aflplusplus-0-exid24,165,279
3165,aflplusplus-0-exid24,165,280
3166,aflplusplus-0-exid24,165,281
3167,aflplusplus-0-exid24,165,282
3168,aflplusplus-0-exid24,165,283
3169,aflplusplus-0-exid24,165,284
3170,aflplusplus-0-exid24,165,285
3171,aflplusplus-0-exid24,165,286
3172,aflplusplus-0-exid24,165,287
3173,aflplusplus-0-exid24,165,288
3174,aflplusplus-0-exid24,165,289
3175,aflplusplus-0-exid24,165,290
3176,aflplusplus-0-exid24,165,291
3177,aflplusplus-0-exid24,165,292
3178,aflplusplus-0-exid24,165,293
3179,aflplusplus-0-exid24,165,294
3180,aflplusplus-0-exid24,165,295
3181,aflplusplus-0-exid24,165,296
3182,aflplusplus-0-exid24,165,297
3183,aflplusplus-0-exid24,165,298
3184,aflplusplus-0-exid24,165,299
3185,aflplusplus-0-exid24,165,300
3186,aflplusplus-0-exid24,165,301
3187,aflplusplus-0-exid24,165,302
3188,aflplusplus-0-exid24,165,303
3189,aflplusplus-0-exid24,165,304
3190,aflplusplus-0-exid24,165,305
3191,aflplusplus-0-exid24,165,306
3192,aflplusplus-0-exid24,165,307
3193,aflplusplus-0-exid24,165,308
3194,aflplusplus-0-exid24,165,309
3195,aflplusplus-0-exid24,165,310
3196,aflplusplus-0-exid24,165,311
3197,aflplusplus-0-exid24,165,312
3198,aflplusplus-0-exid24,165,313
3199,aflplusplus-0-exid24,165,314
3200,aflplusplus-0-exid24,165,315
3201,aflplusplus-0-exid24,165,316
3202,aflplusplus-0-exid24,165,317
3203,aflplusplus-0-exid24,165,318
3204,aflplusplus-0-exid24,165,319
3205,aflplusplus-0-exid24,165,320
3206,aflplusplus-0-exid24,165,321
3207,aflplusplus-0-exid24,165,322
3208,aflplusplus-0-exid24,165,323
3209,aflplusplus-0-exid24,165,324
3210,aflplusplus-0-exid24,165,325
3211,aflplusplus-0-exid24,165,326
3212,aflplusplus-0-exid24,165,327
3213,aflplusplus-0-exid24,165,328
3214,aflplusplus-0-exid24,165,329
3215,aflplusplus-0-exid24,165,330
3216,aflplusplus-0-exid24,165,331
3217,aflplusplus-0-exid24,165,332
3218,aflplusplus-0-exid24,165,333
3219,aflplusplus-0-exid24,165,334
3220,aflplusplus-0-exid24,165,335
3221,aflplusplus-0-exid24,165,336
3222,aflplusplus-0-exid24,165,337
3223,aflplusplus-0-exid24,165,338
3224,aflplusplus-0-exid24,165,339
3225,aflplusplus-0-exid24,165,340
3226,aflplusplus-0-exid24,165,341
3227,aflplusplus-0-exid24,165,342
3228,aflplusplus-0-exid24,165,343
3229,aflplusplus-0-exid24,165,344
3230,aflplusplus-0-exid24,165,345
3231,aflplusplus-0-exid24,165,346
3232,aflplusplus-0-exid24,165,347
3233,aflplusplus-0-exid24,165,348
3234,aflplusplus-0-exid24,165,349
3235,aflplusplus-0-exid24,165,350
3236,aflplusplus-0-exid24,165,351
3237,aflplusplus-0-exid24,165,352
3238,aflplusplus-0-exid24,165,353
3239,aflplusplus-0-exid24,165,354
3240,aflplusplus-0-exid24,165,355
3241,aflplusplus-0-exid24,165,356
3242,aflplusplus-0-exid24,165,357
3243,aflplusplus-0-exid24,165,358
3244,aflplusplus-0-exid24,165,359
3245,aflplusplus-0-exid24,165,360
3246,aflplusplus-0-exid24,165,361
3247,aflplusplus-0-exid24,165,362
3248,aflplusplus-0-exid24,165,363
3249,aflplusplus-0-exid24,165,364
3250,aflplusplus-0-exid24,165,365
3251,aflplusplus-0-exid24,165,366
3252,aflplusplus-0-exid24,165,367
3253,aflplusplus-0-exid24,165,368
3254,aflplusplus-0-exid24,165,369
3255,aflplusplus-0-exid24,165,370
3256,aflplusplus-0-exid24,165,371
3257,aflplusplus-0-exid24,165,372
3258,aflplusplus-0-exid24,165,373
3259,aflplusplus-0-exid24,165,374
3260,aflplusplus-0-exid24,165,375
3261,aflplusplus-0-exid24,165,376
3262,aflplusplus-0-exid24,165,377
3263,aflplusplus-0-exid24,165,378
3264,aflplusplus-0-exid24,165,379
3265,aflplusplus-0-exid24,165,380
3266,aflplusplus-0-exid24,165,381
3267,aflplusplus-0-exid24,165,382
3268,aflplusplus-0-exid24,165,383
3269,aflplusplus-0-exid24,165,384
3270,aflplusplus-0-exid24,165,385
3271,aflplusplus-0-exid24,165,386
3272,aflplusplus-0-exid24,165,387
3273,aflplusplus-0-exid24,165,388
3274,aflplusplus-0-exid24,165,389
3275,aflplusplus-0-exid24,165,390
3276,aflplusplus-0-exid24,165,391
3277,aflplusplus-0-exid24,165,392
3278,aflplusplus-0-exid24,165,393
3279,aflplusplus-0-exid24,165,394
3280,aflplusplus-0-exid24,165,395
3281,aflplusplus-0-exid24,165,396
3282,aflplusplus-0-exid24,165,397
3283,aflplusplus-0-exid24,165,398
3284,aflplusplus-0-exid24,165,399
3285,aflplusplus-0-exid24,165,400
3286,aflplusplus-0-exid24,165,401
3287,aflplusplus-0-exid24,165,402
3288,aflplusplus-0-exid24,165,403
3289,aflplusplus-0-exid24,165,404
3290,aflplusplus-0-exid24,165,405
3291,aflplusplus-0-exid24,165,406
3292,aflplusplus-0-exid24,165,407
3293,aflplusplus-0-exid24,165,408
3294,aflplusplus-0-exid24,165,409
3295,aflplusplus-0-exid24,165,410
3296,aflplusplus-0-exid24,165,411
3297,aflplusplus-0-exid24,165,412
3298,aflplusplus-0-exid24,165,413
3299,aflplusplus-0-exid24,165,414
3300,aflplusplus-0-exid24,165,415
3301,aflplusplus-0-exid24,165,416
3302,aflplusplus-0-exid24,165,417
3303,aflplusplus-0-exid24,165,418
3304,aflplusplus-0-exid24,165,419
3305,aflplusplus-0-exid24,165,420
3306,aflplusplus-0-exid24,165,421
3307,aflplusplus-0-exid24,165,422
3308,aflplusplus-0-exid24,165,423
3309,aflplusplus-0-exid24,165,424
3310,aflplusplus-0-exid24,165,425
3311,aflplusplus-0-exid24,165,426
3312,aflplusplus-0-exid24,165,427
3313,aflplusplus-0-exid24,165,428
3314,aflplusplus-0-exid24,165,429
3315,aflplusplus-0-exid24,165,430
3316,aflplusplus-0-exid24,165,431
3317,aflplusplus-0-exid24,165,432
3318,aflplusplus-0-exid24,165,433
3319,aflplusplus-0-exid24,165,434
3320,aflplusplus-0-exid24,165,435
3321,aflplusplus-0-exid24,165,436
3322,aflplusplus-0-exid24,165,437
3323,aflplusplus-0-exid24,165,438
3324,aflplusplus-0-exid24,165,439
3325,aflplusplus-0-exid24,165,440
3326,aflplusplus-0-exid24,165,441
3327,aflplusplus-0-exid24,165,442
3328,aflplusplus-0-exid24,165,443
3329,aflplusplus-0-exid24,165,444
3330,aflplusplus-0-exid24,165,445
3331,aflplusplus-0-exid24,165,446
3332,aflplusplus-0-exid24,165,447
3333,aflplusplus-0-exid24,165,448
3334,aflplusplus-0-exid24,165,449
3335,aflplusplus-0-exid24,165,450
3336,aflplusplus-0-exid24,165,451
3337,aflplusplus-0-exid24,165,452
3338,aflplusplus-0-exid24,165,453
3339,aflplusplus-0-exid24,165,454
3340,aflplusplus-0-exid24,165,455
3341,aflplusplus-0-exid24,165,456
3342,aflplusplus-0-exid24,165,457
3343,aflplusplus-0-exid24,165,458
3344,aflplusplus-0-exid24,165,459
3345,aflplusplus-0-exid24,165,460
3346,aflplusplus-0-exid24,165,461
3347,aflplusplus-0-exid24,165,462
3348,aflplusplus-0-exid24,165,463
3349,aflplusplus-0-exid24,165,464
3350,aflplusplus-0-exid24,165,465
3351,aflplusplus-0-exid24,165,466
3352,aflplusplus-0-exid24,165,467
3353,aflplusplus-0-exid24,165,468
3354,aflplusplus-0-exid24,165,469
3355,aflplusplus-0-exid24,165,470
3356,aflplusplus-0-exid24,165,471
3357,aflplusplus-0-exid24,165,472
3358,aflplusplus-0-exid24,165,473
3359,aflplusplus-0-exid24,165,474
3360,aflplusplus-0-exid24,165,475
3361,aflplusplus-0-exid24,165,476
3362,aflplusplus-0-exid24,165,477
3363,aflplusplus-0-exid24,165,478
3364,aflplusplus-0-exid24,165,479
3365,aflplusplus-0-exid24,165,480
3366,aflplusplus-0-exid24,165,481
3367,aflplusplus-0-exid24,165,482
3368,aflplusplus-0-exid24,165,483
3369,aflplusplus-0-exid24,165,484
3370,aflplusplus-0-exid24,165,485
3371,aflplusplus-0-exid24,165,486
3372,aflplusplus-0-exid24,165,487
3373,aflplusplus-0-exid24,165,488
3374,aflplusplus-0-exid24,165,489
3375,aflplusplus-0-exid24,165,490
3376,aflplusplus-0-exid24,165,491
3377,aflplusplus-0-exid24,165,492
3378,aflplusplus-0-exid24,165,493
3379,aflplusplus-0-exid24,165,494
3380,aflplusplus-0-exid24,165,495
3381,aflplusplus-0-exid24,165,496
3382,aflplusplus-0-exid24,165,497
3383,aflplusplus-0-exid24,165,498
3384,aflplusplus-0-exid24,165,499
3385,aflplusplus-0-exid24,165,500
3386,aflplusplus-0-exid24,165,501
3387,aflplusplus-0-exid24,165,502
3388,aflplusplus-0-exid24,165,503
3389,aflplusplus-0-exid24,165,504
3390,aflplusplus-0-exid24,165,505
3391,aflplusplus-0-exid24,165,506
3392,aflplusplus-0-exid24,165,507
3393,aflplusplus-0-exid24,165,508
3394,aflplusplus-0-exid24,165,509
3395,aflplusplus-0-exid24,165,510
3396,aflplusplus-0-exid24,165,511
3397,aflplusplus-0-exid24,165,512
3398,aflplusplus-0-exid24,165,513
3399,aflplusplus-0-exid24,165,514
3400,aflplusplus-0-exid24,165,515
3401,aflplusplus-0-exid24,165,516
3402,aflplusplus-0-exid24,165,517
3403,aflplusplus-0-exid24,165,518
3404,aflplusplus-0-exid24,165,519
3405,aflplusplus-0-exid24,165,520
3406,aflplusplus-0-exid24,165,521
3407,aflplusplus-0-exid24,165,522
3408,aflplusplus-0-exid24,165,523
3409,aflplusplus-0-exid24,165,524
3410,aflplusplus-0-exid24,165,525
3411,aflplusplus-0-exid24,165,526
3412,aflplusplus-0-exid24,165,527
3413,aflplusplus-0-exid24,165,528
3414,aflplusplus-0-exid24,165,529
3415,aflplusplus-0-exid24,165,530
3416,aflplusplus-0-exid24,165,531
3417,aflplusplus-0-exid24,165,532
3418,aflplusplus-0-exid24,165,533
3419,aflplusplus-0-exid24,165,534
3420,aflplusplus-0-exid24,165,535
3421,aflplusplus-0-exid24,165,536
3422,aflplusplus-0-exid24,165,537
3423,aflplusplus-0-exid24,165,538
3424,aflplusplus-0-exid24,165,539
3425,aflplusplus-0-exid24,165,540
3426,aflplusplus-0-exid24,165,541
3427,aflplusplus-0-exid24,165,542
3428,aflplusplus-0-exid24,165,543
3429,aflplusplus-0-exid24,165,544
3430,aflplusplus-0-exid24,165,545
3431,aflplusplus-0-exid24,165,546
3432,aflplusplus-0-exid24,165,547
3433,aflplusplus-0-exid24,165,548
3434,aflplusplus-0-exid24,165,549
3435,aflplusplus-0-exid24,165,550
3436,aflplusplus-0-exid24,165,551
3437,aflplusplus-0-exid24,165,552
3438,aflplusplus-0-exid24,165,553
3439,aflplusplus-0-exid24,165,554
3440,aflplusplus-0-exid24,165,555
3441,aflplusplus-0-exid24,165,556
3442,aflplusplus-0-exid24,165,557
3443,aflplusplus-0-exid24,165,558
3444,aflplusplus-0-exid24,165,559
3445,aflplusplus-0-exid24,165,560
3446,aflplusplus-0-exid24,165,561
3447,aflplusplus-0-exid24,165,562
3448,aflplusplus-0-exid24,165,563
3449,aflplusplus-0-exid24,165,564
3450,aflplusplus-0-exid24,165,565
3451,aflplusplus-0-exid24,165,566
3452,aflplusplus-0-exid24,165,567
3453,aflplusplus-0-exid24,165,568
3454,aflplusplus-0-exid24,165,569
3455,aflplusplus-0-exid24,165,570
3456,aflplusplus-0-exid24,165,571
3457,aflplusplus-0-exid24,165,572
3458,aflplusplus-0-exid24,165,573
3459,aflplusplus-0-exid24,165,574
3460,aflplusplus-0-exid24,165,575
3461,aflplusplus-0-exid24,165,576
3462,aflplusplus-0-exid24,171,577
3463,aflplusplus-0-exid24,171,578
3464,aflplusplus-0-exid24,171,579
3465,aflplusplus-0-exid24,171,580
3466,aflplusplus-0-exid24,171,581
3467,aflplusplus-0-exid24,171,582
3468,aflplusplus-0-exid24,171,583
3469,aflplusplus-0-exid24,171,584
3470,aflplusplus-0-exid24,171,585
3471,aflplusplus-0-exid24,171,586
3472,aflplusplus-0-exid24,171,587
3473,aflplusplus-0-exid24,171,588
3474,aflplusplus-0-exid24,171,589
3475,aflplusplus-0-exid24,171,590
3476,aflplusplus-0-exid24,171,591
3477,aflplusplus-0-exid24,171,592
3478,aflplusplus-0-exid24,171,593
3479,aflplusplus-0-exid24,171,594
3480,aflplusplus-0-exid24,171,595
3481,aflplusplus-0-exid24,171,596
3482,aflplusplus-0-exid24,171,597
3483,aflplusplus-0-exid24,171,598
3484,aflplusplus-0-exid24,171,599
3485,aflplusplus-0-exid24,171,600
3486,aflplusplus-0-exid24,171,601
3487,aflplusplus-0-exid24,171,602
3488,aflplusplus-0-exid24,171,603
3489,aflplusplus-0-exid24,171,604
3490,aflplusplus-0-exid24,171,605
3491,aflplusplus-0-exid24,171,606
3492,aflplusplus-0-exid24,171,607
3493,aflplusplus-0-exid24,171,608
3494,aflplusplus-0-exid24,171,609
3495,aflplusplus-0-exid24,171,610
3496,aflplusplus-0-exid24,171,611
3497,aflplusplus-0-exid24,171,612
3498,aflplusplus-0-exid24,171,613
3499,aflplusplus-0-exid24,171,614
3500,aflplusplus-0-exid24,171,615
3501,aflplusplus-0-exid24,171,616
3502,aflplusplus-0-exid24,171,617
3503,aflplusplus-0-exid24,171,618
3504,aflplusplus-0-exid24,171,619
3505,aflplusplus-0-exid24,171,620
3506,aflplusplus-0-exid24,171,621
3507,aflplusplus-0-exid24,171,622
3508,aflplusplus-0-exid24,171,623
3509,aflplusplus-0-exid24,171,624
3510,aflplusplus-0-exid24,171,625
3511,aflplusplus-0-exid24,171,626
3512,aflplusplus-0-exid24,171,627
3513,aflplusplus-0-exid24,171,628
3514,aflplusplus-0-exid24,171,629
3515,aflplusplus-0-exid24,171,630
3516,aflplusplus-0-exid24,171,631
3517,aflplusplus-0-exid24,171,632
3518,aflplusplus-0-exid24,171,633
3519,aflplusplus-0-exid24,171,634
3520,aflplusplus-0-exid24,171,635
3521,aflplusplus-0-exid24,171,636
3522,aflplusplus-0-exid24,171,637
3523,aflplusplus-0-exid24,171,638
3524,aflplusplus-0-exid24,171,639
3525,aflplusplus-0-exid24,171,640
3526,aflplusplus-0-exid24,171,641
3527,aflplusplus-0-exid24,175,642
3528,aflplusplus-0-exid24,175,643
3529,aflplusplus-0-exid24,175,644
3530,aflplusplus-0-exid24,175,645
3531,aflplusplus-0-exid24,175,646
3532,aflplusplus-0-exid24,175,647
3533,aflplusplus-0-exid24,175,648
3534,aflplusplus-0-exid24,175,649
3535,aflplusplus-0-exid24,175,650
3536,aflplusplus-0-exid24,175,651
3537,aflplusplus-0-exid24,175,652
3538,aflplusplus-0-exid24,175,653
3539,aflplusplus-0-exid24,175,654
3540,aflplusplus-0-exid24,175,655
3541,aflplusplus-0-exid24,175,656
3542,aflplusplus-0-exid24,175,657
3543,aflplusplus-0-exid24,175,658
3544,aflplusplus-0-exid24,175,659
3545,aflplusplus-0-exid24,175,660
3546,aflplusplus-0-exid24,175,661
3547,aflplusplus-0-exid24,175,662
3548,aflplusplus-0-exid24,175,663
3549,aflplusplus-0-exid24,175,664
3550,aflplusplus-0-exid24,175,665
3551,aflplusplus-0-exid24,175,666
3552,aflplusplus-0-exid24,175,667
3553,aflplusplus-0-exid24,175,668
3554,aflplusplus-0-exid24,175,669
3555,aflplusplus-0-exid24,175,670
3556,aflplusplus-0-exid24,175,671
3557,aflplusplus-0-exid24,175,672
3558,aflplusplus-0-exid24,175,673
3559,aflplusplus-0-exid24,175,674
3560,aflplusplus-0-exid24,175,675
3561,aflplusplus-0-exid24,175,676
3562,aflplusplus-0-exid24,175,677
3563,aflplusplus-0-exid24,175,678
3564,aflplusplus-0-exid24,175,679
3565,aflplusplus-0-exid24,175,680
3566,aflplusplus-0-exid24,175,681
3567,aflplusplus-0-exid24,175,682
3568,aflplusplus-0-exid24,175,683
3569,aflplusplus-0-exid24,175,684
3570,aflplusplus-0-exid24,175,685
3571,aflplusplus-0-exid24,175,686
3572,aflplusplus-0-exid24,175,687
3573,aflplusplus-0-exid24,175,688
3574,aflplusplus-0-exid24,175,689
3575,aflplusplus-0-exid24,175,690
3576,aflplusplus-0-exid24,175,691
3577,aflplusplus-0-exid24,175,692
3578,aflplusplus-0-exid24,175,693
3579,aflplusplus-0-exid24,175,694
3580,aflplusplus-0-exid24,175,695
3581,aflplusplus-0-exid24,175,696
3582,aflplusplus-0-exid24,175,697
3583,aflplusplus-0-exid24,175,698
3584,aflplusplus-0-exid24,175,699
3585,aflplusplus-0-exid24,175,700
3586,aflplusplus-0-exid24,175,701
3587,aflplusplus-0-exid24,175,702
3588,aflplusplus-0-exid24,175,703
3589,aflplusplus-0-exid24,175,704
3590,aflplusplus-0-exid24,175,705
3591,aflplusplus-0-exid24,175,706
3592,aflplusplus-0-exid24,175,707
3593,aflplusplus-0-exid24,175,708
3594,aflplusplus-0-exid24,175,709
3595,aflplusplus-0-exid24,175,710
3596,aflplusplus-0-exid24,176,711
3597,aflplusplus-0-exid24,176,712
3598,aflplusplus-0-exid24,176,713
3599,aflplusplus-0-exid24,176,714
3600,aflplusplus-0-exid24,176,715
3601,aflplusplus-0-exid24,176,716
3602,aflplusplus-0-exid24,176,717
3603,aflplusplus-0-exid24,176,718
3604,aflplusplus-0-exid24,176,719
3605,aflplusplus-0-exid24,176,720
3606,aflplusplus-0-exid24,176,721
3607,aflplusplus-0-exid24,176,722
3608,aflplusplus-0-exid24,176,723
3609,aflplusplus-0-exid24,176,724
3610,aflplusplus-0-exid24,176,725
3611,aflplusplus-0-exid24,176,726
3612,aflplusplus-0-exid24,176,727
3613,aflplusplus-0-exid24,176,728
3614,aflplusplus-0-exid24,176,729
3615,aflplusplus-0-exid24,176,730
3616,aflplusplus-0-exid24,176,731
3617,aflplusplus-0-exid24,176,732
3618,aflplusplus-0-exid24,176,733
3619,aflplusplus-0-exid24,176,734
3620,aflplusplus-0-exid24,176,735
3621,aflplusplus-0-exid24,176,736
3622,aflplusplus-0-exid24,176,737
3623,aflplusplus-0-exid24,176,738
3624,aflplusplus-0-exid24,176,739
3625,aflplusplus-0-exid24,176,740
3626,aflplusplus-0-exid24,176,741
3627,aflplusplus-0-exid24,176,742
3628,aflplusplus-0-exid24,176,743
3629,aflplusplus-0-exid24,176,744
3630,aflplusplus-0-exid24,176,745
3631,aflplusplus-0-exid24,176,746
3632,aflplusplus-0-exid24,176,747
3633,aflplusplus-0-exid24,176,748
3634,aflplusplus-0-exid24,176,749
3635,aflplusplus-0-exid24,176,750
3636,aflplusplus-0-exid24,176,751
3637,aflplusplus-0-exid24,176,752
3638,aflplusplus-0-exid24,176,753
3639,aflplusplus-0-exid24,176,754
3640,aflplusplus-0-exid24,176,755
3641,aflplusplus-0-exid24,176,756
3642,aflplusplus-0-exid24,176,757
3643,aflplusplus-0-exid24,176,758
3644,aflplusplus-0-exid24,176,759
3645,aflplusplus-0-exid24,176,760
3646,aflplusplus-0-exid24,176,761
3647,aflplusplus-0-exid24,176,762
3648,aflplusplus-0-exid24,176,763
3649,aflplusplus-0-exid24,176,764
3650,aflplusplus-0-exid24,176,765
3651,aflplusplus-0-exid24,176,766
3652,aflplusplus-0-exid24,176,767
3653,aflplusplus-0-exid24,176,768
3654,aflplusplus-0-exid24,176,769
3655,aflplusplus-0-exid24,176,770
3656,aflplusplus-0-exid24,176,771
3657,aflplusplus-0-exid24,176,772
3658,aflplusplus-0-exid24,176,773
3659,aflplusplus-0-exid24,176,774
3660,aflplusplus-0-exid24,176,775
3661,aflplusplus-0-exid24,176,776
3662,aflplusplus-0-exid24,176,777
3663,aflplusplus-0-exid24,176,778
3664,aflplusplus-0-exid24,176,779
3665,aflplusplus-0-exid24,176,780
3666,aflplusplus-0-exid24,176,781
3667,aflplusplus-0-exid24,176,782
3668,aflplusplus-0-exid24,176,783
3669,aflplusplus-0-exid24,176,784
3670,aflplusplus-0-exid24,176,785
3671,aflplusplus-0-exid24,176,786
3672,aflplusplus-0-exid24,176,787
3673,aflplusplus-0-exid24,176,788
3674,aflplusplus-0-exid24,176,789
3675,aflplusplus-0-exid24,176,790
3676,aflplusplus-0-exid24,176,791
3677,aflplusplus-0-exid24,176,792
3678,aflplusplus-0-exid24,176,793
3679,aflplusplus-0-exid24,176,794
3680,aflplusplus-0-exid24,176,795
3681,aflplusplus-0-exid24,176,796
3682,aflplusplus-0-exid24,176,797
3683,aflplusplus-0-exid24,176,798
3684,aflplusplus-0-exid24,176,799
3685,aflplusplus-0-exid24,176,800
3686,aflplusplus-0-exid24,176,801
3687,aflplusplus-0-exid24,176,802
3688,aflplusplus-0-exid24,176,803
3689,aflplusplus-0-exid24,176,804
3690,aflplusplus-0-exid24,176,805
3691,aflplusplus-0-exid24,176,806
3692,aflplusplus-0-exid24,176,807
3693,aflplusplus-0-exid24,176,808
3694,aflplusplus-0-exid24,176,809
3695,aflplusplus-0-exid24,176,810
3696,aflplusplus-0-exid24,176,811
3697,aflplusplus-0-exid24,176,812
3698,aflplusplus-0-exid24,176,813
3699,aflplusplus-0-exid24,176,814
3700,aflplusplus-0-exid24,176,815
3701,aflplusplus-0-exid24,176,816
3702,aflplusplus-0-exid24,176,817
3703,aflplusplus-0-exid24,176,818
3704,aflplusplus-0-exid24,176,819
3705,aflplusplus-0-exid24,176,820
3706,aflplusplus-0-exid24,176,821
3707,aflplusplus-0-exid24,176,822
3708,aflplusplus-0-exid24,176,823
3709,aflplusplus-0-exid24,176,824
3710,aflplusplus-0-exid24,176,825
3711,aflplusplus-0-exid24,176,826
3712,aflplusplus-0-exid24,176,827
3713,aflplusplus-0-exid24,176,828
3714,aflplusplus-0-exid24,176,829
3715,aflplusplus-0-exid24,176,830
3716,aflplusplus-0-exid24,176,831
3717,aflplusplus-0-exid24,176,832
3718,aflplusplus-0-exid24,176,833
3719,aflplusplus-0-exid24,176,834
3720,aflplusplus-0-exid24,176,835
3721,aflplusplus-0-exid24,176,836
3722,aflplusplus-0-exid24,176,837
3723,aflplusplus-0-exid24,177,838
3724,aflplusplus-0-exid24,177,839
3725,aflplusplus-0-exid24,177,840
3726,aflplusplus-0-exid24,177,841
3727,aflplusplus-0-exid24,177,842
3728,aflplusplus-0-exid24,177,843
3729,aflplusplus-0-exid24,177,844
3730,aflplusplus-0-exid24,177,845
3731,aflplusplus-0-exid24,177,846
3732,aflplusplus-0-exid24,177,847
3733,aflplusplus-0-exid24,177,848
3734,aflplusplus-0-exid24,177,849
3735,aflplusplus-0-exid24,177,850
3736,aflplusplus-0-exid24,177,851
3737,aflplusplus-0-exid24,177,852
3738,aflplusplus-0-exid24,177,853
3739,aflplusplus-0-exid24,177,854
3740,aflplusplus-0-exid24,177,855
3741,aflplusplus-0-exid24,177,856
3742,aflplusplus-0-exid24,177,857
3743,aflplusplus-0-exid24,177,858
3744,aflplusplus-0-exid24,177,859
3745,aflplusplus-0-exid24,177,860
3746,aflplusplus-0-exid24,177,861
3747,aflplusplus-0-exid24,177,862
3748,aflplusplus-0-exid24,177,863
3749,aflplusplus-0-exid24,177,864
3750,aflplusplus-0-exid24,177,865
3751,aflplusplus-0-exid24,177,866
3752,aflplusplus-0-exid24,177,867
3753,aflplusplus-0-exid24,177,868
3754,aflplusplus-0-exid24,177,869
3755,aflplusplus-0-exid24,177,870
3756,aflplusplus-0-exid24,177,871
3757,aflplusplus-0-exid24,177,872
3758,aflplusplus-0-exid24,177,873
3759,aflplusplus-0-exid24,177,874
3760,aflplusplus-0-exid24,177,875
3761,aflplusplus-0-exid24,177,876
3762,aflplusplus-0-exid24,177,877
3763,aflplusplus-0-exid24,177,878
3764,aflplusplus-0-exid24,177,879
3765,aflplusplus-0-exid24,177,880
3766,aflplusplus-0-exid24,177,881
3767,aflplusplus-0-exid24,177,882
3768,aflplusplus-0-exid24,177,883
3769,aflplusplus-0-exid24,177,884
3770,aflplusplus-0-exid24,177,885
3771,aflplusplus-0-exid24,177,886
3772,aflplusplus-0-exid24,177,887
3773,aflplusplus-0-exid24,177,888
3774,aflplusplus-0-exid24,177,889
3775,aflplusplus-0-exid24,177,890
3776,aflplusplus-0-exid24,177,891
3777,aflplusplus-0-exid24,177,892
3778,aflplusplus-0-exid24,177,893
3779,aflplusplus-0-exid24,177,894
3780,aflplusplus-0-exid24,177,895
3781,aflplusplus-0-exid24,177,896
3782,aflplusplus-0-exid24,177,897
3783,aflplusplus-0-exid24,177,898
3784,aflplusplus-0-exid24,177,899
3785,aflplusplus-0-exid24,177,900
3786,aflplusplus-0-exid24,177,901
3787,aflplusplus-0-exid24,177,902
3788,aflplusplus-0-exid24,177,903
3789,aflplusplus-0-exid24,177,904
3790,aflplusplus-0-exid24,177,905
3791,aflplusplus-0-exid24,177,906
3792,aflplusplus-0-exid24,177,907
3793,aflplusplus-0-exid24,177,908
3794,aflplusplus-0-exid24,177,909
3795,aflplusplus-0-exid24,177,910
3796,aflplusplus-0-exid24,177,911
3797,aflplusplus-0-exid24,177,912
3798,aflplusplus-0-exid24,177,913
3799,aflplusplus-0-exid24,177,914
3800,aflplusplus-0-exid24,177,915
3801,aflplusplus-0-exid24,177,916
3802,aflplusplus-0-exid24,177,917
3803,aflplusplus-0-exid24,177,918
3804,aflplusplus-0-exid24,177,919
3805,aflplusplus-0-exid24,177,920
3806,aflplusplus-0-exid24,177,921
3807,aflplusplus-0-exid24,177,922
3808,aflplusplus-0-exid24,177,923
3809,aflplusplus-0-exid24,177,924
3810,aflplusplus-0-exid24,177,925
3811,aflplusplus-0-exid24,177,926
3812,aflplusplus-0-exid24,177,927
3813,aflplusplus-0-exid24,177,928
3814,aflplusplus-0-exid24,177,929
3815,aflplusplus-0-exid24,177,930
3816,aflplusplus-0-exid24,177,931
3817,aflplusplus-0-exid24,177,932
3818,aflplusplus-0-exid24,177,933
3819,aflplusplus-0-exid24,177,934
3820,aflplusplus-0-exid24,177,935
3821,aflplusplus-0-exid24,177,936
3822,aflplusplus-0-exid24,177,937
3823,aflplusplus-0-exid24,177,938
3824,aflplusplus-0-exid24,177,939
3825,aflplusplus-0-exid24,177,940
3826,aflplusplus-0-exid24,177,941
3827,aflplusplus-0-exid24,177,942
3828,aflplusplus-0-exid24,177,943
3829,aflplusplus-0-exid24,177,944
3830,aflplusplus-0-exid24,177,945
3831,aflplusplus-0-exid24,177,946
3832,aflplusplus-0-exid24,177,947
3833,aflplusplus-0-exid24,177,948
3834,aflplusplus-0-exid24,177,949
3835,aflplusplus-0-exid24,177,950
3836,aflplusplus-0-exid24,177,951
3837,aflplusplus-0-exid24,177,952
3838,aflplusplus-0-exid24,177,953
3839,aflplusplus-0-exid24,177,954
3840,aflplusplus-0-exid24,177,955
3841,aflplusplus-0-exid24,177,956
3842,aflplusplus-0-exid24,177,957
3843,aflplusplus-0-exid24,177,958
3844,aflplusplus-0-exid24,177,959
3845,aflplusplus-0-exid24,177,960
3846,aflplusplus-0-exid24,177,961
3847,aflplusplus-0-exid24,177,962
3848,aflplusplus-0-exid24,177,963
3849,aflplusplus-0-exid24,177,964
3850,aflplusplus-0-exid24,177,965
3851,aflplusplus-0-exid24,177,966
3852,aflplusplus-0-exid24,177,967
3853,aflplusplus-0-exid24,177,968
3854,aflplusplus-0-exid24,177,969
3855,aflplusplus-0-exid24,177,970
3856,aflplusplus-0-exid24,177,971
3857,aflplusplus-0-exid24,177,972
3858,aflplusplus-0-exid24,177,973
3859,aflplusplus-0-exid24,177,974
3860,aflplusplus-0-exid24,177,975
3861,aflplusplus-0-exid24,177,976
3862,aflplusplus-0-exid24,177,977
3863,aflplusplus-0-exid24,177,978
3864,aflplusplus-0-exid24,177,979
3865,aflplusplus-0-exid24,177,980
3866,aflplusplus-0-exid24,177,981
3867,aflplusplus-0-exid24,177,982
3868,aflplusplus-0-exid24,177,983
3869,aflplusplus-0-exid24,177,984
3870,aflplusplus-0-exid24,177,985
3871,aflplusplus-0-exid24,177,986
3872,aflplusplus-0-exid24,177,987
3873,aflplusplus-0-exid24,177,988
3874,aflplusplus-0-exid24,177,989
3875,aflplusplus-0-exid24,177,990
3876,aflplusplus-0-exid24,177,991
3877,aflplusplus-0-exid24,177,992
3878,aflplusplus-0-exid24,177,993
3879,aflplusplus-0-exid24,177,994
3880,aflplusplus-0-exid24,177,995
3881,aflplusplus-0-exid24,177,996
3882,aflplusplus-0-exid24,177,997
3883,aflplusplus-0-exid24,177,998
3884,aflplusplus-0-exid24,177,999
3885,aflplusplus-0-exid24,177,1000
3886,aflplusplus-0-exid24,177,1001
3887,aflplusplus-0-exid24,177,1002
3888,aflplusplus-0-exid24,177,1003
3889,aflplusplus-0-exid24,177,1004
3890,aflplusplus-0-exid24,177,1005
3891,aflplusplus-0-exid24,177,1006
3892,aflplusplus-0-exid24,177,1007
3893,aflplusplus-0-exid24,177,1008
3894,aflplusplus-0-exid24,177,1009
3895,aflplusplus-0-exid24,177,1010
3896,aflplusplus-0-exid24,177,1011
3897,aflplusplus-0-exid24,177,1012
3898,aflplusplus-0-exid24,177,1013
3899,aflplusplus-0-exid24,177,1014
3900,aflplusplus-0-exid24,177,1015
3901,aflplusplus-0-exid24,177,1016
3902,aflplusplus-0-exid24,177,1017
3903,aflplusplus-0-exid24,177,1018
3904,aflplusplus-0-exid24,177,1019
3905,aflplusplus-0-exid24,177,1020
3906,aflplusplus-0-exid24,177,1021
3907,aflplusplus-0-exid24,177,1022
3908,aflplusplus-0-exid24,177,1023
3909,aflplusplus-0-exid24,177,1024
3910,aflplusplus-0-exid24,177,1025
3911,aflplusplus-0-exid24,177,1026
3912,aflplusplus-0-exid24,177,1027
3913,aflplusplus-0-exid24,177,1028
3914,aflplusplus-0-exid24,177,1029
3915,aflplusplus-0-exid24,177,1030
3916,aflplusplus-0-exid24,177,1031
3917,aflplusplus-0-exid24,177,1032
3918,aflplusplus-0-exid24,177,1033
3919,aflplusplus-0-exid24,177,1034
3920,aflplusplus-0-exid24,177,1035
3921,aflplusplus-0-exid24,177,1036
3922,aflplusplus-0-exid24,177,1037
3923,aflplusplus-0-exid24,177,1038
3924,aflplusplus-0-exid24,177,1039
3925,aflplusplus-0-exid24,177,1040
3926,aflplusplus-0-exid24,177,1041
3927,aflplusplus-0-exid24,177,1042
3928,aflplusplus-0-exid24,177,1043
3929,aflplusplus-0-exid24,177,1044
3930,aflplusplus-0-exid24,177,1045
3931,aflplusplus-0-exid24,177,1046
3932,aflplusplus-0-exid24,177,1047
3933,aflplusplus-0-exid24,177,1048
3934,aflplusplus-0-exid24,177,1049
3935,aflplusplus-0-exid24,177,1050
3936,aflplusplus-0-exid24,177,1051
3937,aflplusplus-0-exid24,177,1052
3938,aflplusplus-0-exid24,177,1053
3939,aflplusplus-0-exid24,177,1054
3940,aflplusplus-0-exid24,177,1055
3941,aflplusplus-0-exid24,177,1056
3942,aflplusplus-0-exid24,177,1057
3943,aflplusplus-0-exid24,177,1058
3944,aflplusplus-0-exid24,177,1059
3945,aflplusplus-0-exid24,177,1060
3946,aflplusplus-0-exid24,177,1061
3947,aflplusplus-0-exid24,177,1062
3948,aflplusplus-0-exid24,177,1063
3949,aflplusplus-0-exid24,177,1064
3950,aflplusplus-0-exid24,177,1065
3951,aflplusplus-0-exid24,177,1066
3952,aflplusplus-0-exid24,177,1067
3953,aflplusplus-0-exid24,177,1068
3954,aflplusplus-0-exid24,177,1069
3955,aflplusplus-0-exid24,177,1070
3956,aflplusplus-0-exid24,177,1071
3957,aflplusplus-0-exid24,177,1072
3958,aflplusplus-0-exid24,177,1073
3959,aflplusplus-0-exid24,177,1074
3960,aflplusplus-0-exid24,177,1075
3961,aflplusplus-0-exid24,177,1076
3962,aflplusplus-0-exid24,177,1077
3963,aflplusplus-0-exid24,177,1078
3964,aflplusplus-0-exid24,177,1079
3965,aflplusplus-0-exid24,177,1080
3966,aflplusplus-0-exid24,177,1081
3967,aflplusplus-0-exid24,177,1082
3968,aflplusplus-0-exid24,177,1083
3969,aflplusplus-0-exid24,177,1084
3970,aflplusplus-0-exid24,177,1085
3971,aflplusplus-0-exid24,177,1086
3972,aflplusplus-0-exid24,177,1087
3973,aflplusplus-0-exid24,177,1088
3974,aflplusplus-0-exid24,177,1089
3975,aflplusplus-0-exid24,177,1090
3976,aflplusplus-0-exid24,177,1091
3977,aflplusplus-0-exid24,177,1092
3978,aflplusplus-0-exid24,177,1093
3979,aflplusplus-0-exid24,177,1094
3980,aflplusplus-0-exid24,177,1095
3981,aflplusplus-0-exid24,177,1096
3982,aflplusplus-0-exid24,177,1097
3983,aflplusplus-0-exid24,177,1098
3984,aflplusplus-0-exid24,177,1099
3985,aflplusplus-0-exid24,177,1100
3986,aflplusplus-0-exid24,177,1101
3987,aflplusplus-0-exid24,177,1102
3988,aflplusplus-0-exid24,177,1103
3989,aflplusplus-0-exid24,177,1104
3990,aflplusplus-0-exid24,177,1105
3991,aflplusplus-0-exid24,177,1106
3992,aflplusplus-0-exid24,177,1107
3993,aflplusplus-0-exid24,177,1108
3994,aflplusplus-0-exid24,177,1109
3995,aflplusplus-0-exid24,177,1110
3996,aflplusplus-0-exid24,177,1111
3997,aflplusplus-0-exid24,177,1112
3998,aflplusplus-0-exid24,177,1113
3999,aflplusplus-0-exid24,177,1114
4000,aflplusplus-0-exid24,177,1115
4001,aflplusplus-0-exid24,177,1116
4002,aflplusplus-0-exid24,177,1117
4003,aflplusplus-0-exid24,177,1118
4004,aflplusplus-0-exid24,177,1119
4005,aflplusplus-0-exid24,177,1120
4006,aflplusplus-0-exid24,177,1121
4007,aflplusplus-0-exid24,177,1122
4008,aflplusplus-0-exid24,177,1123
4009,aflplusplus-0-exid24,177,1124
4010,aflplusplus-0-exid24,177,1125
4011,aflplusplus-0-exid24,177,1126
4012,aflplusplus-0-exid24,177,1127
4013,aflplusplus-0-exid24,177,1128
4014,aflplusplus-0-exid24,177,1129
4015,aflplusplus-0-exid24,177,1130
4016,aflplusplus-0-exid24,177,1131
4017,aflplusplus-0-exid24,177,1132
4018,aflplusplus-0-exid24,177,1133
4019,aflplusplus-0-exid24,177,1134
4020,aflplusplus-0-exid24,177,1135
4021,aflplusplus-0-exid24,177,1136
4022,aflplusplus-0-exid24,177,1137
4023,aflplusplus-0-exid24,177,1138
4024,aflplusplus-0-exid24,177,1139
4025,aflplusplus-0-exid24,177,1140
4026,aflplusplus-0-exid24,177,1141
4027,aflplusplus-0-exid24,177,1142
4028,aflplusplus-0-exid24,177,1143
4029,aflplusplus-0-exid24,177,1144
4030,aflplusplus-0-exid24,177,1145
4031,aflplusplus-0-exid24,177,1146
4032,aflplusplus-0-exid24,177,1147
4033,aflplusplus-0-exid24,177,1148
4034,aflplusplus-0-exid24,177,1149
4035,aflplusplus-0-exid24,177,1150
4036,aflplusplus-0-exid24,177,1151
4037,aflplusplus-0-exid24,177,1152
4038,aflplusplus-0-exid24,177,1153
4039,aflplusplus-0-exid24,177,1154
4040,aflplusplus-0-exid24,177,1155
4041,aflplusplus-0-exid24,177,1156
4042,aflplusplus-0-exid24,177,1157
4043,aflplusplus-0-exid24,177,1158
4044,aflplusplus-0-exid24,177,1159
4045,aflplusplus-0-exid24,177,1160
4046,aflplusplus-0-exid24,177,1161
4047,aflplusplus-0-exid24,177,1162
4048,aflplusplus-0-exid24,177,1163
4049,aflplusplus-0-exid24,177,1164
4050,aflplusplus-0-exid24,177,1165
4051,aflplusplus-0-exid24,177,1166
4052,aflplusplus-0-exid24,177,1167
4053,aflplusplus-0-exid24,177,1168
4054,aflplusplus-0-exid24,177,1169
4055,aflplusplus-0-exid24,177,1170
4056,aflplusplus-0-exid24,177,1171
4057,aflplusplus-0-exid24,177,1172
4058,aflplusplus-0-exid24,177,1173
4059,aflplusplus-0-exid24,177,1174
4060,aflplusplus-0-exid24,177,1175
4061,aflplusplus-0-exid24,177,1176
4062,aflplusplus-0-exid24,177,1177
4063,aflplusplus-0-exid24,177,1178
4064,aflplusplus-0-exid24,177,1179
4065,aflplusplus-0-exid24,177,1180
4066,aflplusplus-0-exid24,177,1181
4067,aflplusplus-0-exid24,177,1182
4068,aflplusplus-0-exid24,177,1183
4069,aflplusplus-0-exid24,177,1184
4070,aflplusplus-0-exid24,177,1185
4071,aflplusplus-0-exid24,177,1186
4072,aflplusplus-0-exid24,177,1187
4073,aflplusplus-0-exid24,177,1188
4074,aflplusplus-0-exid24,177,1189
4075,aflplusplus-0-exid24,177,1190
4076,aflplusplus-0-exid24,177,1191
4077,aflplusplus-0-exid24,177,1192
4078,aflplusplus-0-exid24,177,1193
4079,aflplusplus-0-exid24,177,1194
4080,aflplusplus-0-exid24,177,1195
4081,aflplusplus-0-exid24,177,1196
4082,aflplusplus-0-exid24,177,1197
4083,aflplusplus-0-exid24,177,1198
4084,aflplusplus-0-exid24,177,1199
4085,aflplusplus-0-exid24,177,1200
4086,aflplusplus-0-exid24,177,1201
4087,aflplusplus-0-exid24,177,1202
4088,aflplusplus-0-exid24,177,1203
4089,aflplusplus-0-exid24,177,1204
4090,aflplusplus-0-exid24,177,1205
4091,aflplusplus-0-exid24,177,1206
4092,aflplusplus-0-exid24,177,1207
4093,aflplusplus-0-exid24,177,1208
4094,aflplusplus-0-exid24,177,1209
4095,aflplusplus-0-exid24,177,1210
4096,aflplusplus-0-exid24,177,1211
4097,aflplusplus-0-exid24,177,1212
4098,aflplusplus-0-exid24,177,1213
4099,aflplusplus-0-exid24,177,1214
4100,aflplusplus-0-exid24,177,1215
4101,aflplusplus-0-exid24,177,1216
4102,aflplusplus-0-exid24,177,1217
4103,aflplusplus-0-exid24,177,1218
4104,aflplusplus-0-exid24,177,1219
4105,aflplusplus-0-exid24,177,1220
4106,aflplusplus-0-exid24,177,1221
4107,aflplusplus-0-exid24,177,1222
4108,aflplusplus-0-exid24,177,1223
4109,aflplusplus-0-exid24,177,1224
4110,aflplusplus-0-exid24,177,1225
4111,aflplusplus-0-exid24,177,1226
4112,aflplusplus-0-exid24,177,1227
4113,aflplusplus-0-exid24,177,1228
4114,aflplusplus-0-exid24,177,1229
4115,aflplusplus-0-exid24,177,1230
4116,aflplusplus-0-exid24,177,1231
4117,aflplusplus-0-exid24,177,1232
4118,aflplusplus-0-exid24,177,1233
4119,aflplusplus-0-exid24,177,1234
4120,aflplusplus-0-exid24,177,1235
4121,aflplusplus-0-exid24,177,1236
4122,aflplusplus-0-exid24,177,1237
4123,aflplusplus-0-exid24,177,1238
4124,aflplusplus-0-exid24,177,1239
4125,aflplusplus-0-exid24,177,1240
4126,aflplusplus-0-exid24,177,1241
4127,aflplusplus-0-exid24,177,1242
4128,aflplusplus-0-exid24,177,1243
4129,aflplusplus-0-exid24,177,1244
4130,aflplusplus-0-exid24,177,1245
4131,aflplusplus-0-exid24,177,1246
4132,aflplusplus-0-exid24,177,1247
4133,aflplusplus-0-exid24,177,1248
4134,aflplusplus-0-exid24,177,1249
4135,aflplusplus-0-exid24,177,1250
4136,aflplusplus-0-exid24,177,1251
4137,aflplusplus-0-exid24,177,1252
4138,aflplusplus-0-exid24,177,1253
4139,aflplusplus-0-exid24,177,1254
4140,aflplusplus-0-exid24,177,1255
4141,aflplusplus-0-exid24,177,1256
4142,aflplusplus-0-exid24,177,1257
4143,aflplusplus-0-exid24,177,1258
4144,aflplusplus-0-exid24,177,1259
4145,aflplusplus-0-exid24,177,1260
4146,aflplusplus-0-exid24,177,1261
4147,aflplusplus-0-exid24,177,1262
4148,aflplusplus-0-exid24,177,1263
4149,aflplusplus-0-exid24,177,1264
4150,aflplusplus-0-exid24,177,1265
4151,aflplusplus-0-exid24,177,1266
4152,aflplusplus-0-exid24,177,1267
4153,aflplusplus-0-exid24,177,1268
4154,aflplusplus-0-exid24,177,1269
4155,aflplusplus-0-exid24,177,1270
4156,aflplusplus-0-exid24,177,1271
4157,aflplusplus-0-exid24,177,1272
4158,aflplusplus-0-exid24,177,1273
4159,aflplusplus-0-exid24,177,1274
4160,aflplusplus-0-exid24,177,1275
4161,aflplusplus-0-exid24,177,1276
4162,aflplusplus-0-exid24,177,1277
4163,aflplusplus-0-exid24,177,1278
4164,aflplusplus-0-exid24,177,1279
4165,aflplusplus-0-exid24,177,1280
4166,aflplusplus-0-exid24,177,1281
4167,aflplusplus-0-exid24,177,1282
4168,aflplusplus-0-exid24,177,1283
4169,aflplusplus-0-exid24,177,1284
4170,aflplusplus-0-exid24,177,1285
4171,aflplusplus-0-exid24,177,1286
4172,aflplusplus-0-exid24,177,1287
4173,aflplusplus-0-exid24,177,1288
4174,aflplusplus-0-exid24,177,1289
4175,aflplusplus-0-exid24,177,1290
4176,aflplusplus-0-exid24,177,1291
4177,aflplusplus-0-exid24,177,1292
4178,aflplusplus-0-exid24,177,1293
4179,aflplusplus-0-exid24,177,1294
4180,aflplusplus-0-exid24,177,1295
4181,aflplusplus-0-exid24,177,1296
4182,aflplusplus-0-exid24,177,1297
4183,aflplusplus-0-exid24,177,1298
4184,aflplusplus-0-exid24,177,1299
4185,aflplusplus-0-exid24,177,1300
4186,aflplusplus-0-exid24,177,1301
4187,aflplusplus-0-exid24,177,1302
4188,aflplusplus-0-exid24,177,1303
4189,aflplusplus-0-exid24,177,1304
4190,aflplusplus-0-exid24,177,1305
4191,aflplusplus-0-exid24,177,1306
4192,aflplusplus-0-exid24,177,1307
4193,aflplusplus-0-exid24,177,1308
4194,aflplusplus-0-exid24,177,1309
4195,aflplusplus-0-exid24,177,1310
4196,aflplusplus-0-exid24,177,1311
4197,aflplusplus-0-exid24,177,1312
4198,aflplusplus-0-exid24,177,1313
4199,aflplusplus-0-exid24,177,1314
4200,aflplusplus-0-exid24,177,1315
4201,aflplusplus-0-exid24,177,1316
4202,aflplusplus-0-exid24,177,1317
4203,aflplusplus-0-exid24,177,1318
4204,aflplusplus-0-exid24,177,1319
4205,aflplusplus-0-exid24,177,1320
4206,aflplusplus-0-exid24,177,1321
4207,aflplusplus-0-exid24,177,1322
4208,aflplusplus-0-exid24,177,1323
4209,aflplusplus-0-exid24,177,1324
4210,aflplusplus-0-exid24,177,1325
4211,aflplusplus-0-exid24,177,1326
4212,aflplusplus-0-exid24,177,1327
4213,aflplusplus-0-exid24,177,1328
4214,aflplusplus-0-exid24,177,1329
4215,aflplusplus-0-exid24,177,1330
4216,aflplusplus-0-exid24,177,1331
4217,aflplusplus-0-exid24,177,1332
4218,aflplusplus-0-exid24,177,1333
4219,aflplusplus-0-exid24,177,1334
4220,aflplusplus-0-exid24,177,1335
4221,aflplusplus-0-exid24,177,1336
4222,aflplusplus-0-exid24,177,1337
4223,aflplusplus-0-exid24,177,1338
4224,aflplusplus-0-exid24,177,1339
4225,aflplusplus-0-exid24,177,1340
4226,aflplusplus-0-exid24,177,1341
4227,aflplusplus-0-exid24,177,1342
4228,aflplusplus-0-exid24,177,1343
4229,aflplusplus-0-exid24,177,1344
4230,aflplusplus-0-exid24,177,1345
4231,aflplusplus-0-exid24,177,1346
4232,aflplusplus-0-exid24,177,1347
4233,aflplusplus-0-exid24,177,1348
4234,aflplusplus-0-exid24,177,1349
4235,aflplusplus-0-exid24,177,1350
4236,aflplusplus-0-exid24,177,1351
4237,aflplusplus-0-exid24,177,1352
4238,aflplusplus-0-exid24,177,1353
4239,aflplusplus-0-exid24,177,1354
4240,aflplusplus-0-exid24,177,1355
4241,aflplusplus-0-exid24,177,1356
4242,aflplusplus-0-exid24,177,1357
4243,aflplusplus-0-exid24,177,1358
4244,aflplusplus-0-exid24,177,1359
4245,aflplusplus-0-exid24,177,1360
4246,aflplusplus-0-exid24,177,1361
4247,aflplusplus-0-exid24,177,1362
4248,aflplusplus-0-exid24,177,1363
4249,aflplusplus-0-exid24,177,1364
4250,aflplusplus-0-exid24,177,1365
4251,aflplusplus-0-exid24,177,1366
4252,aflplusplus-0-exid24,177,1367
4253,aflplusplus-0-exid24,177,1368
4254,aflplusplus-0-exid24,177,1369
4255,aflplusplus-0-exid24,177,1370
4256,aflplusplus-0-exid24,177,1371
4257,aflplusplus-0-exid24,177,1372
4258,aflplusplus-0-exid24,177,1373
4259,aflplusplus-0-exid24,177,1374
4260,aflplusplus-0-exid24,177,1375
4261,aflplusplus-0-exid24,177,1376
4262,aflplusplus-0-exid24,177,1377
4263,aflplusplus-0-exid24,177,1378
4264,aflplusplus-0-exid24,177,1379
4265,aflplusplus-0-exid24,177,1380
4266,aflplusplus-0-exid24,177,1381
4267,aflplusplus-0-exid24,177,1382
4268,aflplusplus-0-exid24,177,1383
4269,aflplusplus-0-exid24,177,1384
4270,aflplusplus-0-exid24,177,1385
4271,aflplusplus-0-exid24,177,1386
4272,aflplusplus-0-exid24,177,1387
4273,aflplusplus-0-exid24,177,1388
4274,aflplusplus-0-exid24,177,1389
4275,aflplusplus-0-exid24,177,1390
4276,aflplusplus-0-exid24,177,1391
4277,aflplusplus-0-exid24,177,1392
4278,aflplusplus-0-exid24,177,1393
4279,aflplusplus-0-exid24,177,1394
4280,aflplusplus-0-exid24,177,1395
4281,aflplusplus-0-exid24,177,1396
4282,aflplusplus-0-exid24,177,1397
4283,aflplusplus-0-exid24,177,1398
4284,aflplusplus-0-exid24,177,1399
4285,aflplusplus-0-exid24,177,1400
4286,aflplusplus-0-exid24,177,1401
4287,aflplusplus-0-exid24,177,1402
4288,aflplusplus-0-exid24,177,1403
4289,aflplusplus-0-exid24,177,1404
4290,aflplusplus-0-exid24,177,1405
4291,aflplusplus-0-exid24,177,1406
4292,aflplusplus-0-exid24,177,1407
4293,aflplusplus-0-exid24,177,1408
4294,aflplusplus-0-exid24,177,1409
4295,aflplusplus-0-exid24,177,1410
4296,aflplusplus-0-exid24,177,1411
4297,aflplusplus-0-exid24,177,1412
4298,aflplusplus-0-exid24,177,1413
4299,aflplusplus-0-exid24,177,1414
4300,aflplusplus-0-exid24,177,1415
4301,aflplusplus-0-exid24,177,1416
4302,aflplusplus-0-exid24,177,1417
4303,aflplusplus-0-exid24,177,1418
4304,aflplusplus-0-exid24,177,1419
4305,aflplusplus-0-exid24,177,1420
4306,aflplusplus-0-exid24,177,1421
4307,aflplusplus-0-exid24,177,1422
4308,aflplusplus-0-exid24,177,1423
4309,aflplusplus-0-exid24,177,1424
4310,aflplusplus-0-exid24,177,1425
4311,aflplusplus-0-exid24,177,1426
4312,aflplusplus-0-exid24,177,1427
4313,aflplusplus-0-exid24,177,1428
4314,aflplusplus-0-exid24,177,1429
4315,aflplusplus-0-exid24,177,1430
4316,aflplusplus-0-exid24,177,1431
4317,aflplusplus-0-exid24,177,1432
4318,aflplusplus-0-exid24,177,1433
4319,aflplusplus-0-exid24,177,1434
4320,aflplusplus-0-exid24,177,1435
4321,aflplusplus-0-exid24,177,1436
4322,aflplusplus-0-exid24,177,1437
4323,aflplusplus-0-exid24,177,1438
4324,aflplusplus-0-exid24,177,1439
4325,afl-0-exid24,84,0
4326,afl-0-exid24,96,1
4327,afl-0-exid24,108,2
4328,afl-0-exid24,110,3
4329,afl-0-exid24,111,4
4330,afl-0-exid24,114,5
4331,afl-0-exid24,115,6
4332,afl-0-exid24,115,7
4333,afl-0-exid24,117,8
4334,afl-0-exid24,118,9
4335,afl-0-exid24,119,10
4336,afl-0-exid24,120,11
4337,afl-0-exid24,123,12
4338,afl-0-exid24,127,13
4339,afl-0-exid24,129,14
4340,afl-0-exid24,136,15
4341,afl-0-exid24,139,16
4342,afl-0-exid24,141,17
4343,afl-0-exid24,141,18
4344,afl-0-exid24,144,19
4345,afl-0-exid24,145,20
4346,afl-0-exid24,145,21
4347,afl-0-exid24,145,22
4348,afl-0-exid24,145,23
4349,afl-0-exid24,145,24
4350,afl-0-exid24,145,25
4351,afl-0-exid24,145,26
4352,afl-0-exid24,145,27
4353,afl-0-exid24,146,28
4354,afl-0-exid24,146,29
4355,afl-0-exid24,146,30
4356,afl-0-exid24,146,31
4357,afl-0-exid24,146,32
4358,afl-0-exid24,146,33
4359,afl-0-exid24,146,34
4360,afl-0-exid24,146,35
4361,afl-0-exid24,146,36
4362,afl-0-exid24,146,37
4363,afl-0-exid24,146,38
4364,afl-0-exid24,146,39
4365,afl-0-exid24,146,40
4366,afl-0-exid24,146,41
4367,afl-0-exid24,146,42
4368,afl-0-exid24,146,43
4369,afl-0-exid24,146,44
4370,afl-0-exid24,146,45
4371,afl-0-exid24,146,46
4372,afl-0-exid24,146,47
4373,afl-0-exid24,146,48
4374,afl-0-exid24,146,49
4375,afl-0-exid24,146,50
4376,afl-0-exid24,146,51
4377,afl-0-exid24,146,52
4378,afl-0-exid24,146,53
4379,afl-0-exid24,146,54
4380,afl-0-exid24,146,55
4381,afl-0-exid24,146,56
4382,afl-0-exid24,146,57
4383,afl-0-exid24,146,58
4384,afl-0-exid24,146,59
4385,afl-0-exid24,146,60
4386,afl-0-exid24,146,61
4387,afl-0-exid24,146,62
4388,afl-0-exid24,146,63
4389,afl-0-exid24,146,64
4390,afl-0-exid24,146,65
4391,afl-0-exid24,146,66
4392,afl-0-exid24,146,67
4393,afl-0-exid24,146,68
4394,afl-0-exid24,146,69
4395,afl-0-exid24,146,70
4396,afl-0-exid24,146,71
4397,afl-0-exid24,146,72
4398,afl-0-exid24,146,73
4399,afl-0-exid24,147,74
4400,afl-0-exid24,148,75
4401,afl-0-exid24,148,76
4402,afl-0-exid24,148,77
4403,afl-0-exid24,148,78
4404,afl-0-exid24,148,79
4405,afl-0-exid24,148,80
4406,afl-0-exid24,148,81
4407,afl-0-exid24,149,82
4408,afl-0-exid24,149,83
4409,afl-0-exid24,149,84
4410,afl-0-exid24,149,85
4411,afl-0-exid24,150,86
4412,afl-0-exid24,151,87
4413,afl-0-exid24,153,88
4414,afl-0-exid24,153,89
4415,afl-0-exid24,154,90
4416,afl-0-exid24,154,91
4417,afl-0-exid24,154,92
4418,afl-0-exid24,154,93
4419,afl-0-exid24,154,94
4420,afl-0-exid24,154,95
4421,afl-0-exid24,154,96
4422,afl-0-exid24,154,97
4423,afl-0-exid24,154,98
4424,afl-0-exid24,154,99
4425,afl-0-exid24,154,100
4426,afl-0-exid24,154,101
4427,afl-0-exid24,154,102
4428,afl-0-exid24,154,103
4429,afl-0-exid24,154,104
4430,afl-0-exid24,154,105
4431,afl-0-exid24,154,106
4432,afl-0-exid24,154,107
4433,afl-0-exid24,154,108
4434,afl-0-exid24,154,109
4435,afl-0-exid24,154,110
4436,afl-0-exid24,154,111
4437,afl-0-exid24,154,112
4438,afl-0-exid24,154,113
4439,afl-0-exid24,154,114
4440,afl-0-exid24,154,115
4441,afl-0-exid24,154,116
4442,afl-0-exid24,154,117
4443,afl-0-exid24,154,118
4444,afl-0-exid24,154,119
4445,afl-0-exid24,154,120
4446,afl-0-exid24,154,121
4447,afl-0-exid24,154,122
4448,afl-0-exid24,154,123
4449,afl-0-exid24,154,124
4450,afl-0-exid24,154,125
4451,afl-0-exid24,154,126
4452,afl-0-exid24,154,127
4453,afl-0-exid24,154,128
4454,afl-0-exid24,154,129
4455,afl-0-exid24,154,130
4456,afl-0-exid24,154,131
4457,afl-0-exid24,154,132
4458,afl-0-exid24,154,133
4459,afl-0-exid24,154,134
4460,afl-0-exid24,154,135
4461,afl-0-exid24,154,136
4462,afl-0-exid24,154,137
4463,afl-0-exid24,154,138
4464,afl-0-exid24,154,139
4465,afl-0-exid24,154,140
4466,afl-0-exid24,154,141
4467,afl-0-exid24,154,142
4468,afl-0-exid24,154,143
4469,afl-0-exid24,154,144
4470,afl-0-exid24,154,145
4471,afl-0-exid24,154,146
4472,afl-0-exid24,154,147
4473,afl-0-exid24,154,148
4474,afl-0-exid24,154,149
4475,afl-0-exid24,154,150
4476,afl-0-exid24,154,151
4477,afl-0-exid24,154,152
4478,afl-0-exid24,154,153
4479,afl-0-exid24,154,154
4480,afl-0-exid24,154,155
4481,afl-0-exid24,154,156
4482,afl-0-exid24,154,157
4483,afl-0-exid24,154,158
4484,afl-0-exid24,154,159
4485,afl-0-exid24,154,160
4486,afl-0-exid24,154,161
4487,afl-0-exid24,154,162
4488,afl-0-exid24,154,163
4489,afl-0-exid24,154,164
4490,afl-0-exid24,154,165
4491,afl-0-exid24,154,166
4492,afl-0-exid24,154,167
4493,afl-0-exid24,154,168
4494,afl-0-exid24,154,169
4495,afl-0-exid24,154,170
4496,afl-0-exid24,154,171
4497,afl-0-exid24,154,172
4498,afl-0-exid24,154,173
4499,afl-0-exid24,154,174
4500,afl-0-exid24,154,175
4501,afl-0-exid24,154,176
4502,afl-0-exid24,154,177
4503,afl-0-exid24,154,178
4504,afl-0-exid24,154,179
4505,afl-0-exid24,154,180
4506,afl-0-exid24,154,181
4507,afl-0-exid24,154,182
4508,afl-0-exid24,154,183
4509,afl-0-exid24,154,184
4510,afl-0-exid24,154,185
4511,afl-0-exid24,154,186
4512,afl-0-exid24,154,187
4513,afl-0-exid24,154,188
4514,afl-0-exid24,154,189
4515,afl-0-exid24,154,190
4516,afl-0-exid24,154,191
4517,afl-0-exid24,154,192
4518,afl-0-exid24,154,193
4519,afl-0-exid24,154,194
4520,afl-0-exid24,154,195
4521,afl-0-exid24,154,196
4522,afl-0-exid24,154,197
4523,afl-0-exid24,154,198
4524,afl-0-exid24,154,199
4525,afl-0-exid24,154,200
4526,afl-0-exid24,154,201
4527,afl-0-exid24,154,202
4528,afl-0-exid24,154,203
4529,afl-0-exid24,154,204
4530,afl-0-exid24,154,205
4531,afl-0-exid24,154,206
4532,afl-0-exid24,154,207
4533,afl-0-exid24,154,208
4534,afl-0-exid24,154,209
4535,afl-0-exid24,154,210
4536,afl-0-exid24,154,211
4537,afl-0-exid24,154,212
4538,afl-0-exid24,154,213
4539,afl-0-exid24,154,214
4540,afl-0-exid24,154,215
4541,afl-0-exid24,154,216
4542,afl-0-exid24,154,217
4543,afl-0-exid24,154,218
4544,afl-0-exid24,154,219
4545,afl-0-exid24,154,220
4546,afl-0-exid24,154,221
4547,afl-0-exid24,154,222
4548,afl-0-exid24,154,223
4549,afl-0-exid24,154,224
4550,afl-0-exid24,154,225
4551,afl-0-exid24,154,226
4552,afl-0-exid24,154,227
4553,afl-0-exid24,154,228
4554,afl-0-exid24,154,229
4555,afl-0-exid24,154,230
4556,afl-0-exid24,154,231
4557,afl-0-exid24,154,232
4558,afl-0-exid24,154,233
4559,afl-0-exid24,154,234
4560,afl-0-exid24,154,235
4561,afl-0-exid24,154,236
4562,afl-0-exid24,154,237
4563,afl-0-exid24,154,238
4564,afl-0-exid24,154,239
4565,afl-0-exid24,154,240
4566,afl-0-exid24,154,241
4567,afl-0-exid24,154,242
4568,afl-0-exid24,154,243
4569,afl-0-exid24,154,244
4570,afl-0-exid24,154,245
4571,afl-0-exid24,154,246
4572,afl-0-exid24,154,247
4573,afl-0-exid24,154,248
4574,afl-0-exid24,154,249
4575,afl-0-exid24,154,250
4576,afl-0-exid24,154,251
4577,afl-0-exid24,154,252
4578,afl-0-exid24,154,253
4579,afl-0-exid24,154,254
4580,afl-0-exid24,154,255
4581,afl-0-exid24,154,256
4582,afl-0-exid24,154,257
4583,afl-0-exid24,154,258
4584,afl-0-exid24,154,259
4585,afl-0-exid24,154,260
4586,afl-0-exid24,154,261
4587,afl-0-exid24,154,262
4588,afl-0-exid24,154,263
4589,afl-0-exid24,154,264
4590,afl-0-exid24,154,265
4591,afl-0-exid24,154,266
4592,afl-0-exid24,154,267
4593,afl-0-exid24,154,268
4594,afl-0-exid24,154,269
4595,afl-0-exid24,154,270
4596,afl-0-exid24,154,271
4597,afl-0-exid24,154,272
4598,afl-0-exid24,154,273
4599,afl-0-exid24,154,274
4600,afl-0-exid24,154,275
4601,afl-0-exid24,154,276
4602,afl-0-exid24,154,277
4603,afl-0-exid24,154,278
4604,afl-0-exid24,154,279
4605,afl-0-exid24,154,280
4606,afl-0-exid24,154,281
4607,afl-0-exid24,154,282
4608,afl-0-exid24,154,283
4609,afl-0-exid24,154,284
4610,afl-0-exid24,154,285
4611,afl-0-exid24,154,286
4612,afl-0-exid24,154,287
4613,afl-0-exid24,154,288
4614,afl-0-exid24,154,289
4615,afl-0-exid24,154,290
4616,afl-0-exid24,154,291
4617,afl-0-exid24,154,292
4618,afl-0-exid24,154,293
4619,afl-0-exid24,154,294
4620,afl-0-exid24,154,295
4621,afl-0-exid24,154,296
4622,afl-0-exid24,154,297
4623,afl-0-exid24,154,298
4624,afl-0-exid24,154,299
4625,afl-0-exid24,154,300
4626,afl-0-exid24,154,301
4627,afl-0-exid24,154,302
4628,afl-0-exid24,154,303
4629,afl-0-exid24,154,304
4630,afl-0-exid24,154,305
4631,afl-0-exid24,154,306
4632,afl-0-exid24,154,307
4633,afl-0-exid24,154,308
4634,afl-0-exid24,154,309
4635,afl-0-exid24,154,310
4636,afl-0-exid24,154,311
4637,afl-0-exid24,154,312
4638,afl-0-exid24,154,313
4639,afl-0-exid24,154,314
4640,afl-0-exid24,154,315
4641,afl-0-exid24,154,316
4642,afl-0-exid24,154,317
4643,afl-0-exid24,154,318
4644,afl-0-exid24,154,319
4645,afl-0-exid24,154,320
4646,afl-0-exid24,154,321
4647,afl-0-exid24,154,322
4648,afl-0-exid24,154,323
4649,afl-0-exid24,154,324
4650,afl-0-exid24,154,325
4651,afl-0-exid24,154,326
4652,afl-0-exid24,154,327
4653,afl-0-exid24,154,328
4654,afl-0-exid24,154,329
4655,afl-0-exid24,154,330
4656,afl-0-exid24,154,331
4657,afl-0-exid24,154,332
4658,afl-0-exid24,154,333
4659,afl-0-exid24,154,334
4660,afl-0-exid24,154,335
4661,afl-0-exid24,154,336
4662,afl-0-exid24,154,337
4663,afl-0-exid24,154,338
4664,afl-0-exid24,154,339
4665,afl-0-exid24,154,340
4666,afl-0-exid24,154,341
4667,afl-0-exid24,154,342
4668,afl-0-exid24,154,343
4669,afl-0-exid24,154,344
4670,afl-0-exid24,154,345
4671,afl-0-exid24,154,346
4672,afl-0-exid24,154,347
4673,afl-0-exid24,154,348
4674,afl-0-exid24,154,349
4675,afl-0-exid24,154,350
4676,afl-0-exid24,154,351
4677,afl-0-exid24,154,352
4678,afl-0-exid24,154,353
4679,afl-0-exid24,154,354
4680,afl-0-exid24,154,355
4681,afl-0-exid24,154,356
4682,afl-0-exid24,154,357
4683,afl-0-exid24,154,358
4684,afl-0-exid24,154,359
4685,afl-0-exid24,154,360
4686,afl-0-exid24,154,361
4687,afl-0-exid24,154,362
4688,afl-0-exid24,154,363
4689,afl-0-exid24,154,364
4690,afl-0-exid24,154,365
4691,afl-0-exid24,154,366
4692,afl-0-exid24,154,367
4693,afl-0-exid24,154,368
4694,afl-0-exid24,154,369
4695,afl-0-exid24,154,370
4696,afl-0-exid24,154,371
4697,afl-0-exid24,154,372
4698,afl-0-exid24,154,373
4699,afl-0-exid24,154,374
4700,afl-0-exid24,154,375
4701,afl-0-exid24,154,376
4702,afl-0-exid24,154,377
4703,afl-0-exid24,154,378
4704,afl-0-exid24,154,379
4705,afl-0-exid24,154,380
4706,afl-0-exid24,154,381
4707,afl-0-exid24,154,382
4708,afl-0-exid24,154,383
4709,afl-0-exid24,154,384
4710,afl-0-exid24,154,385
4711,afl-0-exid24,154,386
4712,afl-0-exid24,154,387
4713,afl-0-exid24,154,388
4714,afl-0-exid24,154,389
4715,afl-0-exid24,154,390
4716,afl-0-exid24,154,391
4717,afl-0-exid24,154,392
4718,afl-0-exid24,154,393
4719,afl-0-exid24,154,394
4720,afl-0-exid24,154,395
4721,afl-0-exid24,154,396
4722,afl-0-exid24,154,397
4723,afl-0-exid24,154,398
4724,afl-0-exid24,154,399
4725,afl-0-exid24,154,400
4726,afl-0-exid24,154,401
4727,afl-0-exid24,154,402
4728,afl-0-exid24,154,403
4729,afl-0-exid24,154,404
4730,afl-0-exid24,154,405
4731,afl-0-exid24,154,406
4732,afl-0-exid24,154,407
4733,afl-0-exid24,154,408
4734,afl-0-exid24,154,409
4735,afl-0-exid24,154,410
4736,afl-0-exid24,154,411
4737,afl-0-exid24,154,412
4738,afl-0-exid24,154,413
4739,afl-0-exid24,154,414
4740,afl-0-exid24,154,415
4741,afl-0-exid24,154,416
4742,afl-0-exid24,154,417
4743,afl-0-exid24,154,418
4744,afl-0-exid24,154,419
4745,afl-0-exid24,154,420
4746,afl-0-exid24,154,421
4747,afl-0-exid24,154,422
4748,afl-0-exid24,154,423
4749,afl-0-exid24,154,424
4750,afl-0-exid24,154,425
4751,afl-0-exid24,154,426
4752,afl-0-exid24,154,427
4753,afl-0-exid24,154,428
4754,afl-0-exid24,154,429
4755,afl-0-exid24,154,430
4756,afl-0-exid24,154,431
4757,afl-0-exid24,154,432
4758,afl-0-exid24,154,433
4759,afl-0-exid24,154,434
4760,afl-0-exid24,154,435
4761,afl-0-exid24,154,436
4762,afl-0-exid24,154,437
4763,afl-0-exid24,154,438
4764,afl-0-exid24,154,439
4765,afl-0-exid24,154,440
4766,afl-0-exid24,154,441
4767,afl-0-exid24,154,442
4768,afl-0-exid24,154,443
4769,afl-0-exid24,154,444
4770,afl-0-exid24,154,445
4771,afl-0-exid24,154,446
4772,afl-0-exid24,154,447
4773,afl-0-exid24,154,448
4774,afl-0-exid24,154,449
4775,afl-0-exid24,154,450
4776,afl-0-exid24,154,451
4777,afl-0-exid24,154,452
4778,afl-0-exid24,154,453
4779,afl-0-exid24,154,454
4780,afl-0-exid24,154,455
4781,afl-0-exid24,154,456
4782,afl-0-exid24,154,457
4783,afl-0-exid24,154,458
4784,afl-0-exid24,154,459
4785,afl-0-exid24,154,460
4786,afl-0-exid24,154,461
4787,afl-0-exid24,154,462
4788,afl-0-exid24,154,463
4789,afl-0-exid24,154,464
4790,afl-0-exid24,154,465
4791,afl-0-exid24,154,466
4792,afl-0-exid24,154,467
4793,afl-0-exid24,154,468
4794,afl-0-exid24,154,469
4795,afl-0-exid24,154,470
4796,afl-0-exid24,154,471
4797,afl-0-exid24,154,472
4798,afl-0-exid24,154,473
4799,afl-0-exid24,154,474
4800,afl-0-exid24,154,475
4801,afl-0-exid24,154,476
4802,afl-0-exid24,154,477
4803,afl-0-exid24,154,478
4804,afl-0-exid24,154,479
4805,afl-0-exid24,154,480
4806,afl-0-exid24,154,481
4807,afl-0-exid24,154,482
4808,afl-0-exid24,154,483
4809,afl-0-exid24,154,484
4810,afl-0-exid24,154,485
4811,afl-0-exid24,154,486
4812,afl-0-exid24,154,487
4813,afl-0-exid24,154,488
4814,afl-0-exid24,154,489
4815,afl-0-exid24,154,490
4816,afl-0-exid24,154,491
4817,afl-0-exid24,154,492
4818,afl-0-exid24,154,493
4819,afl-0-exid24,154,494
4820,afl-0-exid24,154,495
4821,afl-0-exid24,154,496
4822,afl-0-exid24,154,497
4823,afl-0-exid24,154,498
4824,afl-0-exid24,154,499
4825,afl-0-exid24,154,500
4826,afl-0-exid24,154,501
4827,afl-0-exid24,154,502
4828,afl-0-exid24,154,503
4829,afl-0-exid24,154,504
4830,afl-0-exid24,154,505
4831,afl-0-exid24,154,506
4832,afl-0-exid24,154,507
4833,afl-0-exid24,154,508
4834,afl-0-exid24,154,509
4835,afl-0-exid24,154,510
4836,afl-0-exid24,154,511
4837,afl-0-exid24,154,512
4838,afl-0-exid24,154,513
4839,afl-0-exid24,154,514
4840,afl-0-exid24,154,515
4841,afl-0-exid24,154,516
4842,afl-0-exid24,154,517
4843,afl-0-exid24,154,518
4844,afl-0-exid24,154,519
4845,afl-0-exid24,154,520
4846,afl-0-exid24,154,521
4847,afl-0-exid24,154,522
4848,afl-0-exid24,154,523
4849,afl-0-exid24,154,524
4850,afl-0-exid24,154,525
4851,afl-0-exid24,154,526
4852,afl-0-exid24,154,527
4853,afl-0-exid24,154,528
4854,afl-0-exid24,154,529
4855,afl-0-exid24,154,530
4856,afl-0-exid24,154,531
4857,afl-0-exid24,154,532
4858,afl-0-exid24,154,533
4859,afl-0-exid24,154,534
4860,afl-0-exid24,154,535
4861,afl-0-exid24,154,536
4862,afl-0-exid24,154,537
4863,afl-0-exid24,154,538
4864,afl-0-exid24,154,539
4865,afl-0-exid24,154,540
4866,afl-0-exid24,154,541
4867,afl-0-exid24,154,542
4868,afl-0-exid24,154,543
4869,afl-0-exid24,154,544
4870,afl-0-exid24,154,545
4871,afl-0-exid24,154,546
4872,afl-0-exid24,154,547
4873,afl-0-exid24,154,548
4874,afl-0-exid24,154,549
4875,afl-0-exid24,154,550
4876,afl-0-exid24,154,551
4877,afl-0-exid24,154,552
4878,afl-0-exid24,154,553
4879,afl-0-exid24,154,554
4880,afl-0-exid24,154,555
4881,afl-0-exid24,154,556
4882,afl-0-exid24,154,557
4883,afl-0-exid24,154,558
4884,afl-0-exid24,154,559
4885,afl-0-exid24,154,560
4886,afl-0-exid24,154,561
4887,afl-0-exid24,154,562
4888,afl-0-exid24,154,563
4889,afl-0-exid24,154,564
4890,afl-0-exid24,154,565
4891,afl-0-exid24,154,566
4892,afl-0-exid24,154,567
4893,afl-0-exid24,154,568
4894,afl-0-exid24,154,569
4895,afl-0-exid24,154,570
4896,afl-0-exid24,154,571
4897,afl-0-exid24,154,572
4898,afl-0-exid24,154,573
4899,afl-0-exid24,154,574
4900,afl-0-exid24,155,575
4901,afl-0-exid24,155,576
4902,afl-0-exid24,160,577
4903,afl-0-exid24,160,578
4904,afl-0-exid24,162,579
4905,afl-0-exid24,163,580
4906,afl-0-exid24,163,581
4907,afl-0-exid24,163,582
4908,afl-0-exid24,163,583
4909,afl-0-exid24,163,584
4910,afl-0-exid24,163,585
4911,afl-0-exid24,163,586
4912,afl-0-exid24,163,587
4913,afl-0-exid24,163,588
4914,afl-0-exid24,163,589
4915,afl-0-exid24,163,590
4916,afl-0-exid24,163,591
4917,afl-0-exid24,163,592
4918,afl-0-exid24,163,593
4919,afl-0-exid24,163,594
4920,afl-0-exid24,163,595
4921,afl-0-exid24,163,596
4922,afl-0-exid24,163,597
4923,afl-0-exid24,163,598
4924,afl-0-exid24,163,599
4925,afl-0-exid24,163,600
4926,afl-0-exid24,164,601
4927,afl-0-exid24,164,602
4928,afl-0-exid24,164,603
4929,afl-0-exid24,164,604
4930,afl-0-exid24,164,605
4931,afl-0-exid24,164,606
4932,afl-0-exid24,164,607
4933,afl-0-exid24,164,608
4934,afl-0-exid24,164,609
4935,afl-0-exid24,164,610
4936,afl-0-exid24,164,611
4937,afl-0-exid24,164,612
4938,afl-0-exid24,164,613
4939,afl-0-exid24,164,614
4940,afl-0-exid24,164,615
4941,afl-0-exid24,164,616
4942,afl-0-exid24,164,617
4943,afl-0-exid24,164,618
4944,afl-0-exid24,164,619
4945,afl-0-exid24,164,620
4946,afl-0-exid24,164,621
4947,afl-0-exid24,164,622
4948,afl-0-exid24,164,623
4949,afl-0-exid24,164,624
4950,afl-0-exid24,164,625
4951,afl-0-exid24,164,626
4952,afl-0-exid24,164,627
4953,afl-0-exid24,164,628
4954,afl-0-exid24,164,629
4955,afl-0-exid24,164,630
4956,afl-0-exid24,164,631
4957,afl-0-exid24,164,632
4958,afl-0-exid24,164,633
4959,afl-0-exid24,164,634
4960,afl-0-exid24,164,635
4961,afl-0-exid24,164,636
4962,afl-0-exid24,164,637
4963,afl-0-exid24,164,638
4964,afl-0-exid24,164,639
4965,afl-0-exid24,164,640
4966,afl-0-exid24,164,641
4967,afl-0-exid24,164,642
4968,afl-0-exid24,164,643
4969,afl-0-exid24,164,644
4970,afl-0-exid24,164,645
4971,afl-0-exid24,164,646
4972,afl-0-exid24,164,647
4973,afl-0-exid24,164,648
4974,afl-0-exid24,164,649
4975,afl-0-exid24,164,650
4976,afl-0-exid24,164,651
4977,afl-0-exid24,164,652
4978,afl-0-exid24,164,653
4979,afl-0-exid24,164,654
4980,afl-0-exid24,164,655
4981,afl-0-exid24,164,656
4982,afl-0-exid24,164,657
4983,afl-0-exid24,164,658
4984,afl-0-exid24,164,659
4985,afl-0-exid24,164,660
4986,afl-0-exid24,164,661
4987,afl-0-exid24,164,662
4988,afl-0-exid24,164,663
4989,afl-0-exid24,164,664
4990,afl-0-exid24,164,665
4991,afl-0-exid24,164,666
4992,afl-0-exid24,164,667
4993,afl-0-exid24,164,668
4994,afl-0-exid24,164,669
4995,afl-0-exid24,164,670
4996,afl-0-exid24,164,671
4997,afl-0-exid24,164,672
4998,afl-0-exid24,164,673
4999,afl-0-exid24,164,674
5000,afl-0-exid24,164,675
5001,afl-0-exid24,164,676
5002,afl-0-exid24,164,677
5003,afl-0-exid24,164,678
5004,afl-0-exid24,164,679
5005,afl-0-exid24,164,680
5006,afl-0-exid24,164,681
5007,afl-0-exid24,164,682
5008,afl-0-exid24,164,683
5009,afl-0-exid24,164,684
5010,afl-0-exid24,164,685
5011,afl-0-exid24,164,686
5012,afl-0-exid24,164,687
5013,afl-0-exid24,164,688
5014,afl-0-exid24,164,689
5015,afl-0-exid24,164,690
5016,afl-0-exid24,164,691
5017,afl-0-exid24,164,692
5018,afl-0-exid24,164,693
5019,afl-0-exid24,164,694
5020,afl-0-exid24,164,695
5021,afl-0-exid24,164,696
5022,afl-0-exid24,164,697
5023,afl-0-exid24,164,698
5024,afl-0-exid24,164,699
5025,afl-0-exid24,164,700
5026,afl-0-exid24,164,701
5027,afl-0-exid24,164,702
5028,afl-0-exid24,164,703
5029,afl-0-exid24,164,704
5030,afl-0-exid24,164,705
5031,afl-0-exid24,164,706
5032,afl-0-exid24,164,707
5033,afl-0-exid24,164,708
5034,afl-0-exid24,165,709
5035,afl-0-exid24,165,710
5036,afl-0-exid24,166,711
5037,afl-0-exid24,166,712
5038,afl-0-exid24,166,713
5039,afl-0-exid24,166,714
5040,afl-0-exid24,166,715
5041,afl-0-exid24,166,716
5042,afl-0-exid24,166,717
5043,afl-0-exid24,166,718
5044,afl-0-exid24,166,719
5045,afl-0-exid24,166,720
5046,afl-0-exid24,166,721
5047,afl-0-exid24,166,722
5048,afl-0-exid24,166,723
5049,afl-0-exid24,166,724
5050,afl-0-exid24,166,725
5051,afl-0-exid24,166,726
5052,afl-0-exid24,166,727
5053,afl-0-exid24,166,728
5054,afl-0-exid24,166,729
5055,afl-0-exid24,166,730
5056,afl-0-exid24,166,731
5057,afl-0-exid24,166,732
5058,afl-0-exid24,166,733
5059,afl-0-exid24,166,734
5060,afl-0-exid24,166,735
5061,afl-0-exid24,166,736
5062,afl-0-exid24,166,737
5063,afl-0-exid24,166,738
5064,afl-0-exid24,166,739
5065,afl-0-exid24,166,740
5066,afl-0-exid24,166,741
5067,afl-0-exid24,166,742
5068,afl-0-exid24,166,743
5069,afl-0-exid24,166,744
5070,afl-0-exid24,166,745
5071,afl-0-exid24,166,746
5072,afl-0-exid24,166,747
5073,afl-0-exid24,166,748
5074,afl-0-exid24,166,749
5075,afl-0-exid24,166,750
5076,afl-0-exid24,166,751
5077,afl-0-exid24,166,752
5078,afl-0-exid24,166,753
5079,afl-0-exid24,166,754
5080,afl-0-exid24,166,755
5081,afl-0-exid24,166,756
5082,afl-0-exid24,166,757
5083,afl-0-exid24,166,758
5084,afl-0-exid24,166,759
5085,afl-0-exid24,166,760
5086,afl-0-exid24,166,761
5087,afl-0-exid24,166,762
5088,afl-0-exid24,166,763
5089,afl-0-exid24,166,764
5090,afl-0-exid24,166,765
5091,afl-0-exid24,166,766
5092,afl-0-exid24,166,767
5093,afl-0-exid24,166,768
5094,afl-0-exid24,166,769
5095,afl-0-exid24,166,770
5096,afl-0-exid24,166,771
5097,afl-0-exid24,166,772
5098,afl-0-exid24,166,773
5099,afl-0-exid24,166,774
5100,afl-0-exid24,166,775
5101,afl-0-exid24,166,776
5102,afl-0-exid24,166,777
5103,afl-0-exid24,166,778
5104,afl-0-exid24,166,779
5105,afl-0-exid24,166,780
5106,afl-0-exid24,166,781
5107,afl-0-exid24,166,782
5108,afl-0-exid24,166,783
5109,afl-0-exid24,166,784
5110,afl-0-exid24,166,785
5111,afl-0-exid24,166,786
5112,afl-0-exid24,166,787
5113,afl-0-exid24,166,788
5114,afl-0-exid24,166,789
5115,afl-0-exid24,166,790
5116,afl-0-exid24,166,791
5117,afl-0-exid24,166,792
5118,afl-0-exid24,166,793
5119,afl-0-exid24,166,794
5120,afl-0-exid24,166,795
5121,afl-0-exid24,166,796
5122,afl-0-exid24,166,797
5123,afl-0-exid24,166,798
5124,afl-0-exid24,166,799
5125,afl-0-exid24,166,800
5126,afl-0-exid24,166,801
5127,afl-0-exid24,166,802
5128,afl-0-exid24,166,803
5129,afl-0-exid24,167,804
5130,afl-0-exid24,167,805
5131,afl-0-exid24,167,806
5132,afl-0-exid24,167,807
5133,afl-0-exid24,167,808
5134,afl-0-exid24,167,809
5135,afl-0-exid24,167,810
5136,afl-0-exid24,167,811
5137,afl-0-exid24,167,812
5138,afl-0-exid24,167,813
5139,afl-0-exid24,167,814
5140,afl-0-exid24,167,815
5141,afl-0-exid24,167,816
5142,afl-0-exid24,167,817
5143,afl-0-exid24,167,818
5144,afl-0-exid24,167,819
5145,afl-0-exid24,167,820
5146,afl-0-exid24,167,821
5147,afl-0-exid24,167,822
5148,afl-0-exid24,167,823
5149,afl-0-exid24,167,824
5150,afl-0-exid24,167,825
5151,afl-0-exid24,167,826
5152,afl-0-exid24,167,827
5153,afl-0-exid24,167,828
5154,afl-0-exid24,167,829
5155,afl-0-exid24,167,830
5156,afl-0-exid24,167,831
5157,afl-0-exid24,167,832
5158,afl-0-exid24,167,833
5159,afl-0-exid24,167,834
5160,afl-0-exid24,167,835
5161,afl-0-exid24,167,836
5162,afl-0-exid24,167,837
5163,afl-0-exid24,167,838
5164,afl-0-exid24,167,839
5165,afl-0-exid24,167,840
5166,afl-0-exid24,167,841
5167,afl-0-exid24,167,842
5168,afl-0-exid24,167,843
5169,afl-0-exid24,167,844
5170,afl-0-exid24,167,845
5171,afl-0-exid24,167,846
5172,afl-0-exid24,167,847
5173,afl-0-exid24,167,848
5174,afl-0-exid24,167,849
5175,afl-0-exid24,167,850
5176,afl-0-exid24,167,851
5177,afl-0-exid24,167,852
5178,afl-0-exid24,167,853
5179,afl-0-exid24,167,854
5180,afl-0-exid24,167,855
5181,afl-0-exid24,167,856
5182,afl-0-exid24,167,857
5183,afl-0-exid24,167,858
5184,afl-0-exid24,167,859
5185,afl-0-exid24,167,860
5186,afl-0-exid24,167,861
5187,afl-0-exid24,167,862
5188,afl-0-exid24,167,863
5189,afl-0-exid24,167,864
5190,afl-0-exid24,167,865
5191,afl-0-exid24,167,866
5192,afl-0-exid24,167,867
5193,afl-0-exid24,167,868
5194,afl-0-exid24,167,869
5195,afl-0-exid24,167,870
5196,afl-0-exid24,167,871
5197,afl-0-exid24,167,872
5198,afl-0-exid24,167,873
5199,afl-0-exid24,167,874
5200,afl-0-exid24,167,875
5201,afl-0-exid24,167,876
5202,afl-0-exid24,167,877
5203,afl-0-exid24,167,878
5204,afl-0-exid24,167,879
5205,afl-0-exid24,167,880
5206,afl-0-exid24,167,881
5207,afl-0-exid24,167,882
5208,afl-0-exid24,167,883
5209,afl-0-exid24,167,884
5210,afl-0-exid24,167,885
5211,afl-0-exid24,167,886
5212,afl-0-exid24,167,887
5213,afl-0-exid24,167,888
5214,afl-0-exid24,167,889
5215,afl-0-exid24,167,890
5216,afl-0-exid24,167,891
5217,afl-0-exid24,167,892
5218,afl-0-exid24,167,893
5219,afl-0-exid24,167,894
5220,afl-0-exid24,167,895
5221,afl-0-exid24,167,896
5222,afl-0-exid24,167,897
5223,afl-0-exid24,167,898
5224,afl-0-exid24,167,899
5225,afl-0-exid24,167,900
5226,afl-0-exid24,167,901
5227,afl-0-exid24,167,902
5228,afl-0-exid24,167,903
5229,afl-0-exid24,167,904
5230,afl-0-exid24,167,905
5231,afl-0-exid24,167,906
5232,afl-0-exid24,167,907
5233,afl-0-exid24,167,908
5234,afl-0-exid24,167,909
5235,afl-0-exid24,167,910
5236,afl-0-exid24,167,911
5237,afl-0-exid24,167,912
5238,afl-0-exid24,167,913
5239,afl-0-exid24,167,914
5240,afl-0-exid24,167,915
5241,afl-0-exid24,167,916
5242,afl-0-exid24,167,917
5243,afl-0-exid24,167,918
5244,afl-0-exid24,167,919
5245,afl-0-exid24,167,920
5246,afl-0-exid24,167,921
5247,afl-0-exid24,167,922
5248,afl-0-exid24,167,923
5249,afl-0-exid24,167,924
5250,afl-0-exid24,167,925
5251,afl-0-exid24,167,926
5252,afl-0-exid24,167,927
5253,afl-0-exid24,167,928
5254,afl-0-exid24,167,929
5255,afl-0-exid24,167,930
5256,afl-0-exid24,167,931
5257,afl-0-exid24,167,932
5258,afl-0-exid24,167,933
5259,afl-0-exid24,167,934
5260,afl-0-exid24,167,935
5261,afl-0-exid24,167,936
5262,afl-0-exid24,167,937
5263,afl-0-exid24,167,938
5264,afl-0-exid24,167,939
5265,afl-0-exid24,167,940
5266,afl-0-exid24,167,941
5267,afl-0-exid24,167,942
5268,afl-0-exid24,167,943
5269,afl-0-exid24,167,944
5270,afl-0-exid24,167,945
5271,afl-0-exid24,167,946
5272,afl-0-exid24,167,947
5273,afl-0-exid24,167,948
5274,afl-0-exid24,167,949
5275,afl-0-exid24,167,950
5276,afl-0-exid24,167,951
5277,afl-0-exid24,167,952
5278,afl-0-exid24,167,953
5279,afl-0-exid24,167,954
5280,afl-0-exid24,167,955
5281,afl-0-exid24,167,956
5282,afl-0-exid24,167,957
5283,afl-0-exid24,167,958
5284,afl-0-exid24,167,959
5285,afl-0-exid24,167,960
5286,afl-0-exid24,167,961
5287,afl-0-exid24,167,962
5288,afl-0-exid24,167,963
5289,afl-0-exid24,167,964
5290,afl-0-exid24,167,965
5291,afl-0-exid24,167,966
5292,afl-0-exid24,167,967
5293,afl-0-exid24,167,968
5294,afl-0-exid24,167,969
5295,afl-0-exid24,167,970
5296,afl-0-exid24,167,971
5297,afl-0-exid24,167,972
5298,afl-0-exid24,167,973
5299,afl-0-exid24,167,974
5300,afl-0-exid24,167,975
5301,afl-0-exid24,167,976
5302,afl-0-exid24,167,977
5303,afl-0-exid24,167,978
5304,afl-0-exid24,167,979
5305,afl-0-exid24,167,980
5306,afl-0-exid24,167,981
5307,afl-0-exid24,167,982
5308,afl-0-exid24,167,983
5309,afl-0-exid24,167,984
5310,afl-0-exid24,167,985
5311,afl-0-exid24,167,986
5312,afl-0-exid24,167,987
5313,afl-0-exid24,167,988
5314,afl-0-exid24,167,989
5315,afl-0-exid24,167,990
5316,afl-0-exid24,167,991
5317,afl-0-exid24,167,992
5318,afl-0-exid24,167,993
5319,afl-0-exid24,167,994
5320,afl-0-exid24,167,995
5321,afl-0-exid24,167,996
5322,afl-0-exid24,167,997
5323,afl-0-exid24,167,998
5324,afl-0-exid24,167,999
5325,afl-0-exid24,167,1000
5326,afl-0-exid24,167,1001
5327,afl-0-exid24,167,1002
5328,afl-0-exid24,167,1003
5329,afl-0-exid24,167,1004
5330,afl-0-exid24,167,1005
5331,afl-0-exid24,167,1006
5332,afl-0-exid24,167,1007
5333,afl-0-exid24,167,1008
5334,afl-0-exid24,167,1009
5335,afl-0-exid24,167,1010
5336,afl-0-exid24,167,1011
5337,afl-0-exid24,167,1012
5338,afl-0-exid24,167,1013
5339,afl-0-exid24,167,1014
5340,afl-0-exid24,167,1015
5341,afl-0-exid24,167,1016
5342,afl-0-exid24,167,1017
5343,afl-0-exid24,167,1018
5344,afl-0-exid24,167,1019
5345,afl-0-exid24,167,1020
5346,afl-0-exid24,167,1021
5347,afl-0-exid24,167,1022
5348,afl-0-exid24,167,1023
5349,afl-0-exid24,167,1024
5350,afl-0-exid24,167,1025
5351,afl-0-exid24,167,1026
5352,afl-0-exid24,167,1027
5353,afl-0-exid24,167,1028
5354,afl-0-exid24,167,1029
5355,afl-0-exid24,167,1030
5356,afl-0-exid24,167,1031
5357,afl-0-exid24,167,1032
5358,afl-0-exid24,167,1033
5359,afl-0-exid24,167,1034
5360,afl-0-exid24,167,1035
5361,afl-0-exid24,167,1036
5362,afl-0-exid24,167,1037
5363,afl-0-exid24,167,1038
5364,afl-0-exid24,167,1039
5365,afl-0-exid24,167,1040
5366,afl-0-exid24,167,1041
5367,afl-0-exid24,167,1042
5368,afl-0-exid24,167,1043
5369,afl-0-exid24,167,1044
5370,afl-0-exid24,167,1045
5371,afl-0-exid24,167,1046
5372,afl-0-exid24,167,1047
5373,afl-0-exid24,167,1048
5374,afl-0-exid24,167,1049
5375,afl-0-exid24,167,1050
5376,afl-0-exid24,167,1051
5377,afl-0-exid24,167,1052
5378,afl-0-exid24,167,1053
5379,afl-0-exid24,167,1054
5380,afl-0-exid24,167,1055
5381,afl-0-exid24,167,1056
5382,afl-0-exid24,167,1057
5383,afl-0-exid24,167,1058
5384,afl-0-exid24,167,1059
5385,afl-0-exid24,167,1060
5386,afl-0-exid24,167,1061
5387,afl-0-exid24,167,1062
5388,afl-0-exid24,167,1063
5389,afl-0-exid24,167,1064
5390,afl-0-exid24,167,1065
5391,afl-0-exid24,167,1066
5392,afl-0-exid24,167,1067
5393,afl-0-exid24,167,1068
5394,afl-0-exid24,167,1069
5395,afl-0-exid24,167,1070
5396,afl-0-exid24,167,1071
5397,afl-0-exid24,167,1072
5398,afl-0-exid24,167,1073
5399,afl-0-exid24,167,1074
5400,afl-0-exid24,167,1075
5401,afl-0-exid24,167,1076
5402,afl-0-exid24,167,1077
5403,afl-0-exid24,167,1078
5404,afl-0-exid24,167,1079
5405,afl-0-exid24,167,1080
5406,afl-0-exid24,167,1081
5407,afl-0-exid24,167,1082
5408,afl-0-exid24,167,1083
5409,afl-0-exid24,167,1084
5410,afl-0-exid24,167,1085
5411,afl-0-exid24,167,1086
5412,afl-0-exid24,167,1087
5413,afl-0-exid24,167,1088
5414,afl-0-exid24,167,1089
5415,afl-0-exid24,167,1090
5416,afl-0-exid24,167,1091
5417,afl-0-exid24,167,1092
5418,afl-0-exid24,167,1093
5419,afl-0-exid24,167,1094
5420,afl-0-exid24,167,1095
5421,afl-0-exid24,167,1096
5422,afl-0-exid24,167,1097
5423,afl-0-exid24,167,1098
5424,afl-0-exid24,167,1099
5425,afl-0-exid24,167,1100
5426,afl-0-exid24,167,1101
5427,afl-0-exid24,167,1102
5428,afl-0-exid24,167,1103
5429,afl-0-exid24,167,1104
5430,afl-0-exid24,167,1105
5431,afl-0-exid24,167,1106
5432,afl-0-exid24,167,1107
5433,afl-0-exid24,167,1108
5434,afl-0-exid24,167,1109
5435,afl-0-exid24,167,1110
5436,afl-0-exid24,167,1111
5437,afl-0-exid24,167,1112
5438,afl-0-exid24,167,1113
5439,afl-0-exid24,167,1114
5440,afl-0-exid24,167,1115
5441,afl-0-exid24,167,1116
5442,afl-0-exid24,167,1117
5443,afl-0-exid24,167,1118
5444,afl-0-exid24,167,1119
5445,afl-0-exid24,167,1120
5446,afl-0-exid24,167,1121
5447,afl-0-exid24,167,1122
5448,afl-0-exid24,167,1123
5449,afl-0-exid24,167,1124
5450,afl-0-exid24,167,1125
5451,afl-0-exid24,167,1126
5452,afl-0-exid24,167,1127
5453,afl-0-exid24,167,1128
5454,afl-0-exid24,167,1129
5455,afl-0-exid24,167,1130
5456,afl-0-exid24,167,1131
5457,afl-0-exid24,167,1132
5458,afl-0-exid24,167,1133
5459,afl-0-exid24,167,1134
5460,afl-0-exid24,167,1135
5461,afl-0-exid24,167,1136
5462,afl-0-exid24,167,1137
5463,afl-0-exid24,167,1138
5464,afl-0-exid24,167,1139
5465,afl-0-exid24,167,1140
5466,afl-0-exid24,167,1141
5467,afl-0-exid24,167,1142
5468,afl-0-exid24,167,1143
5469,afl-0-exid24,167,1144
5470,afl-0-exid24,167,1145
5471,afl-0-exid24,167,1146
5472,afl-0-exid24,167,1147
5473,afl-0-exid24,167,1148
5474,afl-0-exid24,167,1149
5475,afl-0-exid24,167,1150
5476,afl-0-exid24,167,1151
5477,afl-0-exid24,167,1152
5478,afl-0-exid24,167,1153
5479,afl-0-exid24,167,1154
5480,afl-0-exid24,167,1155
5481,afl-0-exid24,167,1156
5482,afl-0-exid24,167,1157
5483,afl-0-exid24,167,1158
5484,afl-0-exid24,167,1159
5485,afl-0-exid24,167,1160
5486,afl-0-exid24,167,1161
5487,afl-0-exid24,167,1162
5488,afl-0-exid24,167,1163
5489,afl-0-exid24,167,1164
5490,afl-0-exid24,167,1165
5491,afl-0-exid24,167,1166
5492,afl-0-exid24,167,1167
5493,afl-0-exid24,167,1168
5494,afl-0-exid24,167,1169
5495,afl-0-exid24,167,1170
5496,afl-0-exid24,167,1171
5497,afl-0-exid24,167,1172
5498,afl-0-exid24,167,1173
5499,afl-0-exid24,167,1174
5500,afl-0-exid24,167,1175
5501,afl-0-exid24,167,1176
5502,afl-0-exid24,167,1177
5503,afl-0-exid24,167,1178
5504,afl-0-exid24,167,1179
5505,afl-0-exid24,167,1180
5506,afl-0-exid24,167,1181
5507,afl-0-exid24,167,1182
5508,afl-0-exid24,167,1183
5509,afl-0-exid24,167,1184
5510,afl-0-exid24,167,1185
5511,afl-0-exid24,167,1186
5512,afl-0-exid24,167,1187
5513,afl-0-exid24,167,1188
5514,afl-0-exid24,167,1189
5515,afl-0-exid24,167,1190
5516,afl-0-exid24,167,1191
5517,afl-0-exid24,167,1192
5518,afl-0-exid24,167,1193
5519,afl-0-exid24,167,1194
5520,afl-0-exid24,167,1195
5521,afl-0-exid24,167,1196
5522,afl-0-exid24,167,1197
5523,afl-0-exid24,167,1198
5524,afl-0-exid24,167,1199
5525,afl-0-exid24,167,1200
5526,afl-0-exid24,167,1201
5527,afl-0-exid24,167,1202
5528,afl-0-exid24,167,1203
5529,afl-0-exid24,167,1204
5530,afl-0-exid24,167,1205
5531,afl-0-exid24,167,1206
5532,afl-0-exid24,167,1207
5533,afl-0-exid24,167,1208
5534,afl-0-exid24,167,1209
5535,afl-0-exid24,167,1210
5536,afl-0-exid24,167,1211
5537,afl-0-exid24,167,1212
5538,afl-0-exid24,167,1213
5539,afl-0-exid24,167,1214
5540,afl-0-exid24,167,1215
5541,afl-0-exid24,167,1216
5542,afl-0-exid24,167,1217
5543,afl-0-exid24,167,1218
5544,afl-0-exid24,167,1219
5545,afl-0-exid24,167,1220
5546,afl-0-exid24,167,1221
5547,afl-0-exid24,167,1222
5548,afl-0-exid24,167,1223
5549,afl-0-exid24,167,1224
5550,afl-0-exid24,167,1225
5551,afl-0-exid24,167,1226
5552,afl-0-exid24,167,1227
5553,afl-0-exid24,167,1228
5554,afl-0-exid24,167,1229
5555,afl-0-exid24,167,1230
5556,afl-0-exid24,167,1231
5557,afl-0-exid24,167,1232
5558,afl-0-exid24,167,1233
5559,afl-0-exid24,167,1234
5560,afl-0-exid24,167,1235
5561,afl-0-exid24,167,1236
5562,afl-0-exid24,167,1237
5563,afl-0-exid24,167,1238
5564,afl-0-exid24,167,1239
5565,afl-0-exid24,167,1240
5566,afl-0-exid24,167,1241
5567,afl-0-exid24,167,1242
5568,afl-0-exid24,167,1243
5569,afl-0-exid24,167,1244
5570,afl-0-exid24,167,1245
5571,afl-0-exid24,167,1246
5572,afl-0-exid24,167,1247
5573,afl-0-exid24,167,1248
5574,afl-0-exid24,167,1249
5575,afl-0-exid24,167,1250
5576,afl-0-exid24,167,1251
5577,afl-0-exid24,167,1252
5578,afl-0-exid24,167,1253
5579,afl-0-exid24,167,1254
5580,afl-0-exid24,167,1255
5581,afl-0-exid24,167,1256
5582,afl-0-exid24,167,1257
5583,afl-0-exid24,167,1258
5584,afl-0-exid24,167,1259
5585,afl-0-exid24,167,1260
5586,afl-0-exid24,167,1261
5587,afl-0-exid24,167,1262
5588,afl-0-exid24,167,1263
5589,afl-0-exid24,167,1264
5590,afl-0-exid24,167,1265
5591,afl-0-exid24,167,1266
5592,afl-0-exid24,167,1267
5593,afl-0-exid24,167,1268
5594,afl-0-exid24,167,1269
5595,afl-0-exid24,167,1270
5596,afl-0-exid24,167,1271
5597,afl-0-exid24,167,1272
5598,afl-0-exid24,167,1273
5599,afl-0-exid24,167,1274
5600,afl-0-exid24,167,1275
5601,afl-0-exid24,167,1276
5602,afl-0-exid24,167,1277
5603,afl-0-exid24,167,1278
5604,afl-0-exid24,167,1279
5605,afl-0-exid24,167,1280
5606,afl-0-exid24,167,1281
5607,afl-0-exid24,167,1282
5608,afl-0-exid24,167,1283
5609,afl-0-exid24,167,1284
5610,afl-0-exid24,167,1285
5611,afl-0-exid24,167,1286
5612,afl-0-exid24,167,1287
5613,afl-0-exid24,167,1288
5614,afl-0-exid24,167,1289
5615,afl-0-exid24,167,1290
5616,afl-0-exid24,167,1291
5617,afl-0-exid24,167,1292
5618,afl-0-exid24,167,1293
5619,afl-0-exid24,167,1294
5620,afl-0-exid24,167,1295
5621,afl-0-exid24,167,1296
5622,afl-0-exid24,167,1297
5623,afl-0-exid24,167,1298
5624,afl-0-exid24,167,1299
5625,afl-0-exid24,167,1300
5626,afl-0-exid24,167,1301
5627,afl-0-exid24,167,1302
5628,afl-0-exid24,167,1303
5629,afl-0-exid24,167,1304
5630,afl-0-exid24,167,1305
5631,afl-0-exid24,167,1306
5632,afl-0-exid24,167,1307
5633,afl-0-exid24,167,1308
5634,afl-0-exid24,167,1309
5635,afl-0-exid24,167,1310
5636,afl-0-exid24,167,1311
5637,afl-0-exid24,167,1312
5638,afl-0-exid24,167,1313
5639,afl-0-exid24,167,1314
5640,afl-0-exid24,167,1315
5641,afl-0-exid24,167,1316
5642,afl-0-exid24,167,1317
5643,afl-0-exid24,167,1318
5644,afl-0-exid24,167,1319
5645,afl-0-exid24,167,1320
5646,afl-0-exid24,167,1321
5647,afl-0-exid24,167,1322
5648,afl-0-exid24,167,1323
5649,afl-0-exid24,167,1324
5650,afl-0-exid24,167,1325
5651,afl-0-exid24,167,1326
5652,afl-0-exid24,167,1327
5653,afl-0-exid24,167,1328
5654,afl-0-exid24,167,1329
5655,afl-0-exid24,167,1330
5656,afl-0-exid24,167,1331
5657,afl-0-exid24,167,1332
5658,afl-0-exid24,167,1333
5659,afl-0-exid24,167,1334
5660,afl-0-exid24,167,1335
5661,afl-0-exid24,167,1336
5662,afl-0-exid24,167,1337
5663,afl-0-exid24,167,1338
5664,afl-0-exid24,167,1339
5665,afl-0-exid24,167,1340
5666,afl-0-exid24,167,1341
5667,afl-0-exid24,167,1342
5668,afl-0-exid24,167,1343
5669,afl-0-exid24,167,1344
5670,afl-0-exid24,167,1345
5671,afl-0-exid24,167,1346
5672,afl-0-exid24,167,1347
5673,afl-0-exid24,167,1348
5674,afl-0-exid24,167,1349
5675,afl-0-exid24,167,1350
5676,afl-0-exid24,167,1351
5677,afl-0-exid24,167,1352
5678,afl-0-exid24,167,1353
5679,afl-0-exid24,167,1354
5680,afl-0-exid24,167,1355
5681,afl-0-exid24,167,1356
5682,afl-0-exid24,167,1357
5683,afl-0-exid24,167,1358
5684,afl-0-exid24,167,1359
5685,afl-0-exid24,167,1360
5686,afl-0-exid24,167,1361
5687,afl-0-exid24,167,1362
5688,afl-0-exid24,167,1363
5689,afl-0-exid24,167,1364
5690,afl-0-exid24,167,1365
5691,afl-0-exid24,167,1366
5692,afl-0-exid24,167,1367
5693,afl-0-exid24,167,1368
5694,afl-0-exid24,167,1369
5695,afl-0-exid24,167,1370
5696,afl-0-exid24,167,1371
5697,afl-0-exid24,167,1372
5698,afl-0-exid24,167,1373
5699,afl-0-exid24,167,1374
5700,afl-0-exid24,167,1375
5701,afl-0-exid24,167,1376
5702,afl-0-exid24,167,1377
5703,afl-0-exid24,167,1378
5704,afl-0-exid24,167,1379
5705,afl-0-exid24,167,1380
5706,afl-0-exid24,167,1381
5707,afl-0-exid24,167,1382
5708,afl-0-exid24,167,1383
5709,afl-0-exid24,167,1384
5710,afl-0-exid24,167,1385
5711,afl-0-exid24,167,1386
5712,afl-0-exid24,167,1387
5713,afl-0-exid24,167,1388
5714,afl-0-exid24,167,1389
5715,afl-0-exid24,167,1390
5716,afl-0-exid24,167,1391
5717,afl-0-exid24,167,1392
5718,afl-0-exid24,167,1393
5719,afl-0-exid24,167,1394
5720,afl-0-exid24,167,1395
5721,afl-0-exid24,167,1396
5722,afl-0-exid24,167,1397
5723,afl-0-exid24,167,1398
5724,afl-0-exid24,167,1399
5725,afl-0-exid24,167,1400
5726,afl-0-exid24,167,1401
5727,afl-0-exid24,167,1402
5728,afl-0-exid24,167,1403
5729,afl-0-exid24,167,1404
5730,afl-0-exid24,167,1405
5731,afl-0-exid24,167,1406
5732,afl-0-exid24,167,1407
5733,afl-0-exid24,167,1408
5734,afl-0-exid24,167,1409
5735,afl-0-exid24,167,1410
5736,afl-0-exid24,167,1411
5737,afl-0-exid24,167,1412
5738,afl-0-exid24,167,1413
5739,afl-0-exid24,167,1414
5740,afl-0-exid24,167,1415
5741,afl-0-exid24,167,1416
5742,afl-0-exid24,167,1417
5743,afl-0-exid24,167,1418
5744,afl-0-exid24,167,1419
5745,afl-0-exid24,167,1420
5746,afl-0-exid24,167,1421
5747,afl-0-exid24,167,1422
5748,afl-0-exid24,167,1423
5749,afl-0-exid24,167,1424
5750,afl-0-exid24,167,1425
5751,afl-0-exid24,167,1426
5752,afl-0-exid24,167,1427
5753,afl-0-exid24,167,1428
5754,afl-0-exid24,167,1429
5755,afl-0-exid24,167,1430
5756,afl-0-exid24,167,1431
5757,afl-0-exid24,167,1432
5758,afl-0-exid24,167,1433
5759,afl-0-exid24,167,1434
5760,afl-0-exid24,167,1435
5761,afl-0-exid24,167,1436
5762,afl-0-exid24,167,1437
5763,afl-0-exid24,167,1438
5764,afl-0-exid24,167,1439
5765,fuzzer_global,93,0
5766,fuzzer_global,111,1
5767,fuzzer_global,118,2
5768,fuzzer_global,122,3
5769,fuzzer_global,124,4
5770,fuzzer_global,127,5
5771,fuzzer_global,128,6
5772,fuzzer_global,128,7
5773,fuzzer_global,128,8
5774,fuzzer_global,129,9
5775,fuzzer_global,131,10
5776,fuzzer_global,133,11
5777,fuzzer_global,135,12
5778,fuzzer_global,140,13
5779,fuzzer_global,142,14
5780,fuzzer_global,147,15
5781,fuzzer_global,152,16
5782,fuzzer_global,152,17
5783,fuzzer_global,155,18
5784,fuzzer_global,155,19
5785,fuzzer_global,156,20
5786,fuzzer_global,156,21
5787,fuzzer_global,156,22
5788,fuzzer_global,156,23
5789,fuzzer_global,156,24
5790,fuzzer_global,156,25
5791,fuzzer_global,156,26
5792,fuzzer_global,156,27
5793,fuzzer_global,157,28
5794,fuzzer_global,157,29
5795,fuzzer_global,157,30
5796,fuzzer_global,157,31
5797,fuzzer_global,157,32
5798,fuzzer_global,157,33
5799,fuzzer_global,157,34
5800,fuzzer_global,157,35
5801,fuzzer_global,157,36
5802,fuzzer_global,157,37
5803,fuzzer_global,157,38
5804,fuzzer_global,157,39
5805,fuzzer_global,157,40
5806,fuzzer_global,157,41
5807,fuzzer_global,157,42
5808,fuzzer_global,157,43
5809,fuzzer_global,157,44
5810,fuzzer_global,157,45
5811,fuzzer_global,157,46
5812,fuzzer_global,157,47
5813,fuzzer_global,157,48
5814,fuzzer_global,157,49
5815,fuzzer_global,157,50
5816,fuzzer_global,157,51
5817,fuzzer_global,157,52
5818,fuzzer_global,157,53
5819,fuzzer_global,157,54
5820,fuzzer_global,157,55
5821,fuzzer_global,157,56
5822,fuzzer_global,157,57
5823,fuzzer_global,157,58
5824,fuzzer_global,157,59
5825,fuzzer_global,157,60
5826,fuzzer_global,157,61
5827,fuzzer_global,157,62
5828,fuzzer_global,157,63
5829,fuzzer_global,157,64
5830,fuzzer_global,157,65
5831,fuzzer_global,157,66
5832,fuzzer_global,157,67
5833,fuzzer_global,157,68
5834,fuzzer_global,157,69
5835,fuzzer_global,157,70
5836,fuzzer_global,157,71
5837,fuzzer_global,158,72
5838,fuzzer_global,158,73
5839,fuzzer_global,159,74
5840,fuzzer_global,160,75
5841,fuzzer_global,160,76
5842,fuzzer_global,160,77
5843,fuzzer_global,160,78
5844,fuzzer_global,160,79
5845,fuzzer_global,160,80
5846,fuzzer_global,160,81
5847,fuzzer_global,160,82
5848,fuzzer_global,160,83
5849,fuzzer_global,160,84
5850,fuzzer_global,160,85
5851,fuzzer_global,161,86
5852,fuzzer_global,162,87
5853,fuzzer_global,164,88
5854,fuzzer_global,164,89
5855,fuzzer_global,165,90
5856,fuzzer_global,165,91
5857,fuzzer_global,165,92
5858,fuzzer_global,165,93
5859,fuzzer_global,165,94
5860,fuzzer_global,165,95
5861,fuzzer_global,165,96
5862,fuzzer_global,165,97
5863,fuzzer_global,165,98
5864,fuzzer_global,165,99
5865,fuzzer_global,165,100
5866,fuzzer_global,165,101
5867,fuzzer_global,165,102
5868,fuzzer_global,165,103
5869,fuzzer_global,165,104
5870,fuzzer_global,165,105
5871,fuzzer_global,165,106
5872,fuzzer_global,165,107
5873,fuzzer_global,165,108
5874,fuzzer_global,165,109
5875,fuzzer_global,165,110
5876,fuzzer_global,165,111
5877,fuzzer_global,165,112
5878,fuzzer_global,165,113
5879,fuzzer_global,165,114
5880,fuzzer_global,165,115
5881,fuzzer_global,165,116
5882,fuzzer_global,165,117
5883,fuzzer_global,165,118
5884,fuzzer_global,165,119
5885,fuzzer_global,165,120
5886,fuzzer_global,165,121
5887,fuzzer_global,165,122
5888,fuzzer_global,165,123
5889,fuzzer_global,165,124
5890,fuzzer_global,165,125
5891,fuzzer_global,165,126
5892,fuzzer_global,165,127
5893,fuzzer_global,165,128
5894,fuzzer_global,165,129
5895,fuzzer_global,165,130
5896,fuzzer_global,165,131
5897,fuzzer_global,165,132
5898,fuzzer_global,165,133
5899,fuzzer_global,165,134
5900,fuzzer_global,165,135
5901,fuzzer_global,165,136
5902,fuzzer_global,165,137
5903,fuzzer_global,165,138
5904,fuzzer_global,165,139
5905,fuzzer_global,165,140
5906,fuzzer_global,165,141
5907,fuzzer_global,165,142
5908,fuzzer_global,165,143
5909,fuzzer_global,165,144
5910,fuzzer_global,165,145
5911,fuzzer_global,165,146
5912,fuzzer_global,165,147
5913,fuzzer_global,165,148
5914,fuzzer_global,165,149
5915,fuzzer_global,165,150
5916,fuzzer_global,165,151
5917,fuzzer_global,165,152
5918,fuzzer_global,165,153
5919,fuzzer_global,165,154
5920,fuzzer_global,165,155
5921,fuzzer_global,165,156
5922,fuzzer_global,165,157
5923,fuzzer_global,165,158
5924,fuzzer_global,165,159
5925,fuzzer_global,165,160
5926,fuzzer_global,165,161
5927,fuzzer_global,165,162
5928,fuzzer_global,165,163
5929,fuzzer_global,165,164
5930,fuzzer_global,165,165
5931,fuzzer_global,165,166
5932,fuzzer_global,165,167
5933,fuzzer_global,165,168
5934,fuzzer_global,165,169
5935,fuzzer_global,165,170
5936,fuzzer_global,165,171
5937,fuzzer_global,165,172
5938,fuzzer_global,165,173
5939,fuzzer_global,165,174
5940,fuzzer_global,165,175
5941,fuzzer_global,165,176
5942,fuzzer_global,165,177
5943,fuzzer_global,165,178
5944,fuzzer_global,165,179
5945,fuzzer_global,165,180
5946,fuzzer_global,165,181
5947,fuzzer_global,165,182
5948,fuzzer_global,165,183
5949,fuzzer_global,165,184
5950,fuzzer_global,165,185
5951,fuzzer_global,165,186
5952,fuzzer_global,165,187
5953,fuzzer_global,165,188
5954,fuzzer_global,165,189
5955,fuzzer_global,165,190
5956,fuzzer_global,165,191
5957,fuzzer_global,165,192
5958,fuzzer_global,165,193
5959,fuzzer_global,165,194
5960,fuzzer_global,165,195
5961,fuzzer_global,165,196
5962,fuzzer_global,165,197
5963,fuzzer_global,165,198
5964,fuzzer_global,165,199
5965,fuzzer_global,165,200
5966,fuzzer_global,165,201
5967,fuzzer_global,165,202
5968,fuzzer_global,165,203
5969,fuzzer_global,165,204
5970,fuzzer_global,165,205
5971,fuzzer_global,165,206
5972,fuzzer_global,165,207
5973,fuzzer_global,165,208
5974,fuzzer_global,165,209
5975,fuzzer_global,165,210
5976,fuzzer_global,165,211
5977,fuzzer_global,165,212
5978,fuzzer_global,165,213
5979,fuzzer_global,165,214
5980,fuzzer_global,165,215
5981,fuzzer_global,165,216
5982,fuzzer_global,165,217
5983,fuzzer_global,165,218
5984,fuzzer_global,165,219
5985,fuzzer_global,165,220
5986,fuzzer_global,165,221
5987,fuzzer_global,165,222
5988,fuzzer_global,165,223
5989,fuzzer_global,165,224
5990,fuzzer_global,165,225
5991,fuzzer_global,165,226
5992,fuzzer_global,165,227
5993,fuzzer_global,165,228
5994,fuzzer_global,165,229
5995,fuzzer_global,165,230
5996,fuzzer_global,165,231
5997,fuzzer_global,165,232
5998,fuzzer_global,165,233
5999,fuzzer_global,165,234
6000,fuzzer_global,165,235
6001,fuzzer_global,165,236
6002,fuzzer_global,165,237
6003,fuzzer_global,165,238
6004,fuzzer_global,165,239
6005,fuzzer_global,165,240
6006,fuzzer_global,165,241
6007,fuzzer_global,165,242
6008,fuzzer_global,165,243
6009,fuzzer_global,165,244
6010,fuzzer_global,165,245
6011,fuzzer_global,165,246
6012,fuzzer_global,165,247
6013,fuzzer_global,165,248
6014,fuzzer_global,165,249
6015,fuzzer_global,165,250
6016,fuzzer_global,165,251
6017,fuzzer_global,165,252
6018,fuzzer_global,165,253
6019,fuzzer_global,165,254
6020,fuzzer_global,165,255
6021,fuzzer_global,165,256
6022,fuzzer_global,165,257
6023,fuzzer_global,165,258
6024,fuzzer_global,165,259
6025,fuzzer_global,165,260
6026,fuzzer_global,165,261
6027,fuzzer_global,165,262
6028,fuzzer_global,165,263
6029,fuzzer_global,165,264
6030,fuzzer_global,165,265
6031,fuzzer_global,165,266
6032,fuzzer_global,165,267
6033,fuzzer_global,165,268
6034,fuzzer_global,165,269
6035,fuzzer_global,165,270
6036,fuzzer_global,165,271
6037,fuzzer_global,165,272
6038,fuzzer_global,165,273
6039,fuzzer_global,165,274
6040,fuzzer_global,165,275
6041,fuzzer_global,165,276
6042,fuzzer_global,165,277
6043,fuzzer_global,165,278
6044,fuzzer_global,165,279
6045,fuzzer_global,165,280
6046,fuzzer_global,165,281
6047,fuzzer_global,165,282
6048,fuzzer_global,165,283
6049,fuzzer_global,165,284
6050,fuzzer_global,165,285
6051,fuzzer_global,165,286
6052,fuzzer_global,165,287
6053,fuzzer_global,165,288
6054,fuzzer_global,165,289
6055,fuzzer_global,165,290
6056,fuzzer_global,165,291
6057,fuzzer_global,165,292
6058,fuzzer_global,165,293
6059,fuzzer_global,165,294
6060,fuzzer_global,165,295
6061,fuzzer_global,165,296
6062,fuzzer_global,165,297
6063,fuzzer_global,165,298
6064,fuzzer_global,165,299
6065,fuzzer_global,165,300
6066,fuzzer_global,165,301
6067,fuzzer_global,165,302
6068,fuzzer_global,165,303
6069,fuzzer_global,165,304
6070,fuzzer_global,165,305
6071,fuzzer_global,165,306
6072,fuzzer_global,165,307
6073,fuzzer_global,165,308
6074,fuzzer_global,165,309
6075,fuzzer_global,165,310
6076,fuzzer_global,165,311
6077,fuzzer_global,165,312
6078,fuzzer_global,165,313
6079,fuzzer_global,165,314
6080,fuzzer_global,165,315
6081,fuzzer_global,165,316
6082,fuzzer_global,165,317
6083,fuzzer_global,165,318
6084,fuzzer_global,165,319
6085,fuzzer_global,165,320
6086,fuzzer_global,165,321
6087,fuzzer_global,165,322
6088,fuzzer_global,165,323
6089,fuzzer_global,165,324
6090,fuzzer_global,165,325
6091,fuzzer_global,165,326
6092,fuzzer_global,165,327
6093,fuzzer_global,165,328
6094,fuzzer_global,165,329
6095,fuzzer_global,165,330
6096,fuzzer_global,165,331
6097,fuzzer_global,165,332
6098,fuzzer_global,165,333
6099,fuzzer_global,165,334
6100,fuzzer_global,165,335
6101,fuzzer_global,165,336
6102,fuzzer_global,165,337
6103,fuzzer_global,165,338
6104,fuzzer_global,165,339
6105,fuzzer_global,165,340
6106,fuzzer_global,165,341
6107,fuzzer_global,165,342
6108,fuzzer_global,165,343
6109,fuzzer_global,165,344
6110,fuzzer_global,165,345
6111,fuzzer_global,165,346
6112,fuzzer_global,165,347
6113,fuzzer_global,165,348
6114,fuzzer_global,165,349
6115,fuzzer_global,165,350
6116,fuzzer_global,165,351
6117,fuzzer_global,165,352
6118,fuzzer_global,165,353
6119,fuzzer_global,165,354
6120,fuzzer_global,165,355
6121,fuzzer_global,165,356
6122,fuzzer_global,165,357
6123,fuzzer_global,165,358
6124,fuzzer_global,165,359
6125,fuzzer_global,165,360
6126,fuzzer_global,165,361
6127,fuzzer_global,165,362
6128,fuzzer_global,165,363
6129,fuzzer_global,165,364
6130,fuzzer_global,165,365
6131,fuzzer_global,165,366
6132,fuzzer_global,165,367
6133,fuzzer_global,165,368
6134,fuzzer_global,165,369
6135,fuzzer_global,165,370
6136,fuzzer_global,165,371
6137,fuzzer_global,165,372
6138,fuzzer_global,165,373
6139,fuzzer_global,165,374
6140,fuzzer_global,165,375
6141,fuzzer_global,165,376
6142,fuzzer_global,165,377
6143,fuzzer_global,165,378
6144,fuzzer_global,165,379
6145,fuzzer_global,165,380
6146,fuzzer_global,165,381
6147,fuzzer_global,165,382
6148,fuzzer_global,165,383
6149,fuzzer_global,165,384
6150,fuzzer_global,165,385
6151,fuzzer_global,165,386
6152,fuzzer_global,165,387
6153,fuzzer_global,165,388
6154,fuzzer_global,165,389
6155,fuzzer_global,165,390
6156,fuzzer_global,165,391
6157,fuzzer_global,165,392
6158,fuzzer_global,165,393
6159,fuzzer_global,165,394
6160,fuzzer_global,165,395
6161,fuzzer_global,165,396
6162,fuzzer_global,165,397
6163,fuzzer_global,165,398
6164,fuzzer_global,165,399
6165,fuzzer_global,165,400
6166,fuzzer_global,165,401
6167,fuzzer_global,165,402
6168,fuzzer_global,165,403
6169,fuzzer_global,165,404
6170,fuzzer_global,165,405
6171,fuzzer_global,165,406
6172,fuzzer_global,165,407
6173,fuzzer_global,165,408
6174,fuzzer_global,165,409
6175,fuzzer_global,165,410
6176,fuzzer_global,165,411
6177,fuzzer_global,165,412
6178,fuzzer_global,165,413
6179,fuzzer_global,165,414
6180,fuzzer_global,165,415
6181,fuzzer_global,165,416
6182,fuzzer_global,165,417
6183,fuzzer_global,165,418
6184,fuzzer_global,165,419
6185,fuzzer_global,165,420
6186,fuzzer_global,165,421
6187,fuzzer_global,165,422
6188,fuzzer_global,165,423
6189,fuzzer_global,165,424
6190,fuzzer_global,165,425
6191,fuzzer_global,165,426
6192,fuzzer_global,165,427
6193,fuzzer_global,165,428
6194,fuzzer_global,165,429
6195,fuzzer_global,165,430
6196,fuzzer_global,165,431
6197,fuzzer_global,165,432
6198,fuzzer_global,165,433
6199,fuzzer_global,165,434
6200,fuzzer_global,165,435
6201,fuzzer_global,165,436
6202,fuzzer_global,165,437
6203,fuzzer_global,165,438
6204,fuzzer_global,165,439
6205,fuzzer_global,165,440
6206,fuzzer_global,165,441
6207,fuzzer_global,165,442
6208,fuzzer_global,165,443
6209,fuzzer_global,165,444
6210,fuzzer_global,165,445
6211,fuzzer_global,165,446
6212,fuzzer_global,165,447
6213,fuzzer_global,165,448
6214,fuzzer_global,165,449
6215,fuzzer_global,165,450
6216,fuzzer_global,165,451
6217,fuzzer_global,165,452
6218,fuzzer_global,165,453
6219,fuzzer_global,165,454
6220,fuzzer_global,165,455
6221,fuzzer_global,165,456
6222,fuzzer_global,165,457
6223,fuzzer_global,165,458
6224,fuzzer_global,165,459
6225,fuzzer_global,165,460
6226,fuzzer_global,165,461
6227,fuzzer_global,165,462
6228,fuzzer_global,165,463
6229,fuzzer_global,165,464
6230,fuzzer_global,165,465
6231,fuzzer_global,165,466
6232,fuzzer_global,165,467
6233,fuzzer_global,165,468
6234,fuzzer_global,165,469
6235,fuzzer_global,165,470
6236,fuzzer_global,165,471
6237,fuzzer_global,165,472
6238,fuzzer_global,165,473
6239,fuzzer_global,165,474
6240,fuzzer_global,165,475
6241,fuzzer_global,165,476
6242,fuzzer_global,165,477
6243,fuzzer_global,165,478
6244,fuzzer_global,165,479
6245,fuzzer_global,165,480
6246,fuzzer_global,165,481
6247,fuzzer_global,165,482
6248,fuzzer_global,165,483
6249,fuzzer_global,165,484
6250,fuzzer_global,165,485
6251,fuzzer_global,165,486
6252,fuzzer_global,165,487
6253,fuzzer_global,165,488
6254,fuzzer_global,165,489
6255,fuzzer_global,165,490
6256,fuzzer_global,165,491
6257,fuzzer_global,165,492
6258,fuzzer_global,165,493
6259,fuzzer_global,165,494
6260,fuzzer_global,165,495
6261,fuzzer_global,165,496
6262,fuzzer_global,165,497
6263,fuzzer_global,165,498
6264,fuzzer_global,165,499
6265,fuzzer_global,165,500
6266,fuzzer_global,165,501
6267,fuzzer_global,165,502
6268,fuzzer_global,165,503
6269,fuzzer_global,165,504
6270,fuzzer_global,165,505
6271,fuzzer_global,165,506
6272,fuzzer_global,165,507
6273,fuzzer_global,165,508
6274,fuzzer_global,165,509
6275,fuzzer_global,165,510
6276,fuzzer_global,165,511
6277,fuzzer_global,165,512
6278,fuzzer_global,165,513
6279,fuzzer_global,165,514
6280,fuzzer_global,165,515
6281,fuzzer_global,165,516
6282,fuzzer_global,165,517
6283,fuzzer_global,165,518
6284,fuzzer_global,165,519
6285,fuzzer_global,165,520
6286,fuzzer_global,165,521
6287,fuzzer_global,165,522
6288,fuzzer_global,165,523
6289,fuzzer_global,165,524
6290,fuzzer_global,165,525
6291,fuzzer_global,165,526
6292,fuzzer_global,165,527
6293,fuzzer_global,165,528
6294,fuzzer_global,165,529
6295,fuzzer_global,165,530
6296,fuzzer_global,165,531
6297,fuzzer_global,165,532
6298,fuzzer_global,165,533
6299,fuzzer_global,165,534
6300,fuzzer_global,165,535
6301,fuzzer_global,165,536
6302,fuzzer_global,165,537
6303,fuzzer_global,165,538
6304,fuzzer_global,165,539
6305,fuzzer_global,165,540
6306,fuzzer_global,165,541
6307,fuzzer_global,165,542
6308,fuzzer_global,165,543
6309,fuzzer_global,165,544
6310,fuzzer_global,165,545
6311,fuzzer_global,165,546
6312,fuzzer_global,165,547
6313,fuzzer_global,165,548
6314,fuzzer_global,165,549
6315,fuzzer_global,165,550
6316,fuzzer_global,165,551
6317,fuzzer_global,165,552
6318,fuzzer_global,165,553
6319,fuzzer_global,165,554
6320,fuzzer_global,165,555
6321,fuzzer_global,165,556
6322,fuzzer_global,165,557
6323,fuzzer_global,165,558
6324,fuzzer_global,165,559
6325,fuzzer_global,165,560
6326,fuzzer_global,165,561
6327,fuzzer_global,165,562
6328,fuzzer_global,165,563
6329,fuzzer_global,165,564
6330,fuzzer_global,165,565
6331,fuzzer_global,165,566
6332,fuzzer_global,165,567
6333,fuzzer_global,165,568
6334,fuzzer_global,165,569
6335,fuzzer_global,165,570
6336,fuzzer_global,165,571
6337,fuzzer_global,165,572
6338,fuzzer_global,165,573
6339,fuzzer_global,165,574
6340,fuzzer_global,166,575
6341,fuzzer_global,166,576
6342,fuzzer_global,171,577
6343,fuzzer_global,171,578
6344,fuzzer_global,173,579
6345,fuzzer_global,174,580
6346,fuzzer_global,174,581
6347,fuzzer_global,174,582
6348,fuzzer_global,174,583
6349,fuzzer_global,174,584
6350,fuzzer_global,174,585
6351,fuzzer_global,174,586
6352,fuzzer_global,174,587
6353,fuzzer_global,174,588
6354,fuzzer_global,174,589
6355,fuzzer_global,174,590
6356,fuzzer_global,174,591
6357,fuzzer_global,174,592
6358,fuzzer_global,174,593
6359,fuzzer_global,174,594
6360,fuzzer_global,174,595
6361,fuzzer_global,174,596
6362,fuzzer_global,174,597
6363,fuzzer_global,174,598
6364,fuzzer_global,174,599
6365,fuzzer_global,175,600
6366,fuzzer_global,175,601
6367,fuzzer_global,175,602
6368,fuzzer_global,175,603
6369,fuzzer_global,175,604
6370,fuzzer_global,175,605
6371,fuzzer_global,175,606
6372,fuzzer_global,175,607
6373,fuzzer_global,175,608
6374,fuzzer_global,175,609
6375,fuzzer_global,175,610
6376,fuzzer_global,175,611
6377,fuzzer_global,175,612
6378,fuzzer_global,175,613
6379,fuzzer_global,175,614
6380,fuzzer_global,175,615
6381,fuzzer_global,175,616
6382,fuzzer_global,175,617
6383,fuzzer_global,175,618
6384,fuzzer_global,175,619
6385,fuzzer_global,175,620
6386,fuzzer_global,175,621
6387,fuzzer_global,175,622
6388,fuzzer_global,175,623
6389,fuzzer_global,175,624
6390,fuzzer_global,175,625
6391,fuzzer_global,175,626
6392,fuzzer_global,175,627
6393,fuzzer_global,175,628
6394,fuzzer_global,175,629
6395,fuzzer_global,175,630
6396,fuzzer_global,175,631
6397,fuzzer_global,175,632
6398,fuzzer_global,175,633
6399,fuzzer_global,175,634
6400,fuzzer_global,175,635
6401,fuzzer_global,175,636
6402,fuzzer_global,175,637
6403,fuzzer_global,175,638
6404,fuzzer_global,175,639
6405,fuzzer_global,175,640
6406,fuzzer_global,175,641
6407,fuzzer_global,175,642
6408,fuzzer_global,175,643
6409,fuzzer_global,175,644
6410,fuzzer_global,175,645
6411,fuzzer_global,175,646
6412,fuzzer_global,175,647
6413,fuzzer_global,175,648
6414,fuzzer_global,175,649
6415,fuzzer_global,175,650
6416,fuzzer_global,175,651
6417,fuzzer_global,175,652
6418,fuzzer_global,175,653
6419,fuzzer_global,175,654
6420,fuzzer_global,175,655
6421,fuzzer_global,175,656
6422,fuzzer_global,175,657
6423,fuzzer_global,175,658
6424,fuzzer_global,175,659
6425,fuzzer_global,175,660
6426,fuzzer_global,175,661
6427,fuzzer_global,175,662
6428,fuzzer_global,175,663
6429,fuzzer_global,175,664
6430,fuzzer_global,175,665
6431,fuzzer_global,175,666
6432,fuzzer_global,175,667
6433,fuzzer_global,175,668
6434,fuzzer_global,175,669
6435,fuzzer_global,175,670
6436,fuzzer_global,175,671
6437,fuzzer_global,175,672
6438,fuzzer_global,175,673
6439,fuzzer_global,175,674
6440,fuzzer_global,175,675
6441,fuzzer_global,175,676
6442,fuzzer_global,175,677
6443,fuzzer_global,175,678
6444,fuzzer_global,175,679
6445,fuzzer_global,175,680
6446,fuzzer_global,175,681
6447,fuzzer_global,175,682
6448,fuzzer_global,175,683
6449,fuzzer_global,175,684
6450,fuzzer_global,175,685
6451,fuzzer_global,175,686
6452,fuzzer_global,175,687
6453,fuzzer_global,175,688
6454,fuzzer_global,175,689
6455,fuzzer_global,175,690
6456,fuzzer_global,175,691
6457,fuzzer_global,175,692
6458,fuzzer_global,175,693
6459,fuzzer_global,175,694
6460,fuzzer_global,175,695
6461,fuzzer_global,175,696
6462,fuzzer_global,175,697
6463,fuzzer_global,175,698
6464,fuzzer_global,175,699
6465,fuzzer_global,175,700
6466,fuzzer_global,175,701
6467,fuzzer_global,175,702
6468,fuzzer_global,175,703
6469,fuzzer_global,175,704
6470,fuzzer_global,175,705
6471,fuzzer_global,175,706
6472,fuzzer_global,175,707
6473,fuzzer_global,175,708
6474,fuzzer_global,175,709
6475,fuzzer_global,175,710
6476,fuzzer_global,176,711
6477,fuzzer_global,176,712
6478,fuzzer_global,176,713
6479,fuzzer_global,176,714
6480,fuzzer_global,176,715
6481,fuzzer_global,176,716
6482,fuzzer_global,176,717
6483,fuzzer_global,176,718
6484,fuzzer_global,176,719
6485,fuzzer_global,176,720
6486,fuzzer_global,176,721
6487,fuzzer_global,176,722
6488,fuzzer_global,176,723
6489,fuzzer_global,176,724
6490,fuzzer_global,176,725
6491,fuzzer_global,176,726
6492,fuzzer_global,176,727
6493,fuzzer_global,176,728
6494,fuzzer_global,176,729
6495,fuzzer_global,176,730
6496,fuzzer_global,176,731
6497,fuzzer_global,176,732
6498,fuzzer_global,176,733
6499,fuzzer_global,176,734
6500,fuzzer_global,176,735
6501,fuzzer_global,176,736
6502,fuzzer_global,176,737
6503,fuzzer_global,176,738
6504,fuzzer_global,176,739
6505,fuzzer_global,176,740
6506,fuzzer_global,176,741
6507,fuzzer_global,176,742
6508,fuzzer_global,176,743
6509,fuzzer_global,176,744
6510,fuzzer_global,176,745
6511,fuzzer_global,176,746
6512,fuzzer_global,176,747
6513,fuzzer_global,176,748
6514,fuzzer_global,176,749
6515,fuzzer_global,176,750
6516,fuzzer_global,176,751
6517,fuzzer_global,176,752
6518,fuzzer_global,176,753
6519,fuzzer_global,176,754
6520,fuzzer_global,176,755
6521,fuzzer_global,176,756
6522,fuzzer_global,176,757
6523,fuzzer_global,176,758
6524,fuzzer_global,176,759
6525,fuzzer_global,176,760
6526,fuzzer_global,176,761
6527,fuzzer_global,176,762
6528,fuzzer_global,176,763
6529,fuzzer_global,176,764
6530,fuzzer_global,176,765
6531,fuzzer_global,176,766
6532,fuzzer_global,176,767
6533,fuzzer_global,176,768
6534,fuzzer_global,176,769
6535,fuzzer_global,176,770
6536,fuzzer_global,176,771
6537,fuzzer_global,176,772
6538,fuzzer_global,176,773
6539,fuzzer_global,176,774
6540,fuzzer_global,176,775
6541,fuzzer_global,176,776
6542,fuzzer_global,176,777
6543,fuzzer_global,176,778
6544,fuzzer_global,176,779
6545,fuzzer_global,176,780
6546,fuzzer_global,176,781
6547,fuzzer_global,176,782
6548,fuzzer_global,176,783
6549,fuzzer_global,176,784
6550,fuzzer_global,176,785
6551,fuzzer_global,176,786
6552,fuzzer_global,176,787
6553,fuzzer_global,176,788
6554,fuzzer_global,176,789
6555,fuzzer_global,176,790
6556,fuzzer_global,176,791
6557,fuzzer_global,176,792
6558,fuzzer_global,176,793
6559,fuzzer_global,176,794
6560,fuzzer_global,176,795
6561,fuzzer_global,176,796
6562,fuzzer_global,176,797
6563,fuzzer_global,176,798
6564,fuzzer_global,176,799
6565,fuzzer_global,176,800
6566,fuzzer_global,176,801
6567,fuzzer_global,176,802
6568,fuzzer_global,176,803
6569,fuzzer_global,177,804
6570,fuzzer_global,177,805
6571,fuzzer_global,177,806
6572,fuzzer_global,177,807
6573,fuzzer_global,177,808
6574,fuzzer_global,177,809
6575,fuzzer_global,177,810
6576,fuzzer_global,177,811
6577,fuzzer_global,177,812
6578,fuzzer_global,177,813
6579,fuzzer_global,177,814
6580,fuzzer_global,177,815
6581,fuzzer_global,177,816
6582,fuzzer_global,177,817
6583,fuzzer_global,177,818
6584,fuzzer_global,177,819
6585,fuzzer_global,177,820
6586,fuzzer_global,177,821
6587,fuzzer_global,177,822
6588,fuzzer_global,177,823
6589,fuzzer_global,177,824
6590,fuzzer_global,177,825
6591,fuzzer_global,177,826
6592,fuzzer_global,177,827
6593,fuzzer_global,177,828
6594,fuzzer_global,177,829
6595,fuzzer_global,177,830
6596,fuzzer_global,177,831
6597,fuzzer_global,177,832
6598,fuzzer_global,177,833
6599,fuzzer_global,177,834
6600,fuzzer_global,177,835
6601,fuzzer_global,177,836
6602,fuzzer_global,177,837
6603,fuzzer_global,177,838
6604,fuzzer_global,177,839
6605,fuzzer_global,177,840
6606,fuzzer_global,177,841
6607,fuzzer_global,177,842
6608,fuzzer_global,177,843
6609,fuzzer_global,177,844
6610,fuzzer_global,177,845
6611,fuzzer_global,177,846
6612,fuzzer_global,177,847
6613,fuzzer_global,177,848
6614,fuzzer_global,177,849
6615,fuzzer_global,177,850
6616,fuzzer_global,177,851
6617,fuzzer_global,177,852
6618,fuzzer_global,177,853
6619,fuzzer_global,177,854
6620,fuzzer_global,177,855
6621,fuzzer_global,177,856
6622,fuzzer_global,177,857
6623,fuzzer_global,177,858
6624,fuzzer_global,177,859
6625,fuzzer_global,177,860
6626,fuzzer_global,177,861
6627,fuzzer_global,177,862
6628,fuzzer_global,177,863
6629,fuzzer_global,177,864
6630,fuzzer_global,177,865
6631,fuzzer_global,177,866
6632,fuzzer_global,177,867
6633,fuzzer_global,177,868
6634,fuzzer_global,177,869
6635,fuzzer_global,177,870
6636,fuzzer_global,177,871
6637,fuzzer_global,177,872
6638,fuzzer_global,177,873
6639,fuzzer_global,177,874
6640,fuzzer_global,177,875
6641,fuzzer_global,177,876
6642,fuzzer_global,177,877
6643,fuzzer_global,177,878
6644,fuzzer_global,177,879
6645,fuzzer_global,177,880
6646,fuzzer_global,177,881
6647,fuzzer_global,177,882
6648,fuzzer_global,177,883
6649,fuzzer_global,177,884
6650,fuzzer_global,177,885
6651,fuzzer_global,177,886
6652,fuzzer_global,177,887
6653,fuzzer_global,177,888
6654,fuzzer_global,177,889
6655,fuzzer_global,177,890
6656,fuzzer_global,177,891
6657,fuzzer_global,177,892
6658,fuzzer_global,177,893
6659,fuzzer_global,177,894
6660,fuzzer_global,177,895
6661,fuzzer_global,177,896
6662,fuzzer_global,177,897
6663,fuzzer_global,177,898
6664,fuzzer_global,177,899
6665,fuzzer_global,177,900
6666,fuzzer_global,177,901
6667,fuzzer_global,177,902
6668,fuzzer_global,177,903
6669,fuzzer_global,177,904
6670,fuzzer_global,177,905
6671,fuzzer_global,177,906
6672,fuzzer_global,177,907
6673,fuzzer_global,177,908
6674,fuzzer_global,177,909
6675,fuzzer_global,177,910
6676,fuzzer_global,177,911
6677,fuzzer_global,177,912
6678,fuzzer_global,177,913
6679,fuzzer_global,177,914
6680,fuzzer_global,177,915
6681,fuzzer_global,177,916
6682,fuzzer_global,177,917
6683,fuzzer_global,177,918
6684,fuzzer_global,177,919
6685,fuzzer_global,177,920
6686,fuzzer_global,177,921
6687,fuzzer_global,177,922
6688,fuzzer_global,177,923
6689,fuzzer_global,177,924
6690,fuzzer_global,177,925
6691,fuzzer_global,177,926
6692,fuzzer_global,177,927
6693,fuzzer_global,177,928
6694,fuzzer_global,177,929
6695,fuzzer_global,177,930
6696,fuzzer_global,177,931
6697,fuzzer_global,177,932
6698,fuzzer_global,177,933
6699,fuzzer_global,177,934
6700,fuzzer_global,177,935
6701,fuzzer_global,177,936
6702,fuzzer_global,177,937
6703,fuzzer_global,177,938
6704,fuzzer_global,177,939
6705,fuzzer_global,177,940
6706,fuzzer_global,177,941
6707,fuzzer_global,177,942
6708,fuzzer_global,177,943
6709,fuzzer_global,177,944
6710,fuzzer_global,177,945
6711,fuzzer_global,177,946
6712,fuzzer_global,177,947
6713,fuzzer_global,177,948
6714,fuzzer_global,177,949
6715,fuzzer_global,177,950
6716,fuzzer_global,177,951
6717,fuzzer_global,177,952
6718,fuzzer_global,177,953
6719,fuzzer_global,177,954
6720,fuzzer_global,177,955
6721,fuzzer_global,177,956
6722,fuzzer_global,177,957
6723,fuzzer_global,177,958
6724,fuzzer_global,177,959
6725,fuzzer_global,177,960
6726,fuzzer_global,177,961
6727,fuzzer_global,177,962
6728,fuzzer_global,177,963
6729,fuzzer_global,177,964
6730,fuzzer_global,177,965
6731,fuzzer_global,177,966
6732,fuzzer_global,177,967
6733,fuzzer_global,177,968
6734,fuzzer_global,177,969
6735,fuzzer_global,177,970
6736,fuzzer_global,177,971
6737,fuzzer_global,177,972
6738,fuzzer_global,177,973
6739,fuzzer_global,177,974
6740,fuzzer_global,177,975
6741,fuzzer_global,177,976
6742,fuzzer_global,177,977
6743,fuzzer_global,177,978
6744,fuzzer_global,177,979
6745,fuzzer_global,177,980
6746,fuzzer_global,177,981
6747,fuzzer_global,177,982
6748,fuzzer_global,177,983
6749,fuzzer_global,177,984
6750,fuzzer_global,177,985
6751,fuzzer_global,177,986
6752,fuzzer_global,177,987
6753,fuzzer_global,177,988
6754,fuzzer_global,177,989
6755,fuzzer_global,177,990
6756,fuzzer_global,177,991
6757,fuzzer_global,177,992
6758,fuzzer_global,177,993
6759,fuzzer_global,177,994
6760,fuzzer_global,177,995
6761,fuzzer_global,177,996
6762,fuzzer_global,177,997
6763,fuzzer_global,177,998
6764,fuzzer_global,177,999
6765,fuzzer_global,177,1000
6766,fuzzer_global,177,1001
6767,fuzzer_global,177,1002
6768,fuzzer_global,177,1003
6769,fuzzer_global,177,1004
6770,fuzzer_global,177,1005
6771,fuzzer_global,177,1006
6772,fuzzer_global,177,1007
6773,fuzzer_global,177,1008
6774,fuzzer_global,177,1009
6775,fuzzer_global,177,1010
6776,fuzzer_global,177,1011
6777,fuzzer_global,177,1012
6778,fuzzer_global,177,1013
6779,fuzzer_global,177,1014
6780,fuzzer_global,177,1015
6781,fuzzer_global,177,1016
6782,fuzzer_global,177,1017
6783,fuzzer_global,177,1018
6784,fuzzer_global,177,1019
6785,fuzzer_global,177,1020
6786,fuzzer_global,177,1021
6787,fuzzer_global,177,1022
6788,fuzzer_global,177,1023
6789,fuzzer_global,177,1024
6790,fuzzer_global,177,1025
6791,fuzzer_global,177,1026
6792,fuzzer_global,177,1027
6793,fuzzer_global,177,1028
6794,fuzzer_global,177,1029
6795,fuzzer_global,177,1030
6796,fuzzer_global,177,1031
6797,fuzzer_global,177,1032
6798,fuzzer_global,177,1033
6799,fuzzer_global,177,1034
6800,fuzzer_global,177,1035
6801,fuzzer_global,177,1036
6802,fuzzer_global,177,1037
6803,fuzzer_global,177,1038
6804,fuzzer_global,177,1039
6805,fuzzer_global,177,1040
6806,fuzzer_global,177,1041
6807,fuzzer_global,177,1042
6808,fuzzer_global,177,1043
6809,fuzzer_global,177,1044
6810,fuzzer_global,177,1045
6811,fuzzer_global,177,1046
6812,fuzzer_global,177,1047
6813,fuzzer_global,177,1048
6814,fuzzer_global,177,1049
6815,fuzzer_global,177,1050
6816,fuzzer_global,177,1051
6817,fuzzer_global,177,1052
6818,fuzzer_global,177,1053
6819,fuzzer_global,177,1054
6820,fuzzer_global,177,1055
6821,fuzzer_global,177,1056
6822,fuzzer_global,177,1057
6823,fuzzer_global,177,1058
6824,fuzzer_global,177,1059
6825,fuzzer_global,177,1060
6826,fuzzer_global,177,1061
6827,fuzzer_global,177,1062
6828,fuzzer_global,177,1063
6829,fuzzer_global,177,1064
6830,fuzzer_global,177,1065
6831,fuzzer_global,177,1066
6832,fuzzer_global,177,1067
6833,fuzzer_global,177,1068
6834,fuzzer_global,177,1069
6835,fuzzer_global,177,1070
6836,fuzzer_global,177,1071
6837,fuzzer_global,177,1072
6838,fuzzer_global,177,1073
6839,fuzzer_global,177,1074
6840,fuzzer_global,177,1075
6841,fuzzer_global,177,1076
6842,fuzzer_global,177,1077
6843,fuzzer_global,177,1078
6844,fuzzer_global,177,1079
6845,fuzzer_global,177,1080
6846,fuzzer_global,177,1081
6847,fuzzer_global,177,1082
6848,fuzzer_global,177,1083
6849,fuzzer_global,177,1084
6850,fuzzer_global,177,1085
6851,fuzzer_global,177,1086
6852,fuzzer_global,177,1087
6853,fuzzer_global,177,1088
6854,fuzzer_global,177,1089
6855,fuzzer_global,177,1090
6856,fuzzer_global,177,1091
6857,fuzzer_global,177,1092
6858,fuzzer_global,177,1093
6859,fuzzer_global,177,1094
6860,fuzzer_global,177,1095
6861,fuzzer_global,177,1096
6862,fuzzer_global,177,1097
6863,fuzzer_global,177,1098
6864,fuzzer_global,177,1099
6865,fuzzer_global,177,1100
6866,fuzzer_global,177,1101
6867,fuzzer_global,177,1102
6868,fuzzer_global,177,1103
6869,fuzzer_global,177,1104
6870,fuzzer_global,177,1105
6871,fuzzer_global,177,1106
6872,fuzzer_global,177,1107
6873,fuzzer_global,177,1108
6874,fuzzer_global,177,1109
6875,fuzzer_global,177,1110
6876,fuzzer_global,177,1111
6877,fuzzer_global,177,1112
6878,fuzzer_global,177,1113
6879,fuzzer_global,177,1114
6880,fuzzer_global,177,1115
6881,fuzzer_global,177,1116
6882,fuzzer_global,177,1117
6883,fuzzer_global,177,1118
6884,fuzzer_global,177,1119
6885,fuzzer_global,177,1120
6886,fuzzer_global,177,1121
6887,fuzzer_global,177,1122
6888,fuzzer_global,177,1123
6889,fuzzer_global,177,1124
6890,fuzzer_global,177,1125
6891,fuzzer_global,177,1126
6892,fuzzer_global,177,1127
6893,fuzzer_global,177,1128
6894,fuzzer_global,177,1129
6895,fuzzer_global,177,1130
6896,fuzzer_global,177,1131
6897,fuzzer_global,177,1132
6898,fuzzer_global,177,1133
6899,fuzzer_global,177,1134
6900,fuzzer_global,177,1135
6901,fuzzer_global,177,1136
6902,fuzzer_global,177,1137
6903,fuzzer_global,177,1138
6904,fuzzer_global,177,1139
6905,fuzzer_global,177,1140
6906,fuzzer_global,177,1141
6907,fuzzer_global,177,1142
6908,fuzzer_global,177,1143
6909,fuzzer_global,177,1144
6910,fuzzer_global,177,1145
6911,fuzzer_global,177,1146
6912,fuzzer_global,177,1147
6913,fuzzer_global,177,1148
6914,fuzzer_global,177,1149
6915,fuzzer_global,177,1150
6916,fuzzer_global,177,1151
6917,fuzzer_global,177,1152
6918,fuzzer_global,177,1153
6919,fuzzer_global,177,1154
6920,fuzzer_global,177,1155
6921,fuzzer_global,177,1156
6922,fuzzer_global,177,1157
6923,fuzzer_global,177,1158
6924,fuzzer_global,177,1159
6925,fuzzer_global,177,1160
6926,fuzzer_global,177,1161
6927,fuzzer_global,177,1162
6928,fuzzer_global,177,1163
6929,fuzzer_global,177,1164
6930,fuzzer_global,177,1165
6931,fuzzer_global,177,1166
6932,fuzzer_global,177,1167
6933,fuzzer_global,177,1168
6934,fuzzer_global,177,1169
6935,fuzzer_global,177,1170
6936,fuzzer_global,177,1171
6937,fuzzer_global,177,1172
6938,fuzzer_global,177,1173
6939,fuzzer_global,177,1174
6940,fuzzer_global,177,1175
6941,fuzzer_global,177,1176
6942,fuzzer_global,177,1177
6943,fuzzer_global,177,1178
6944,fuzzer_global,177,1179
6945,fuzzer_global,177,1180
6946,fuzzer_global,177,1181
6947,fuzzer_global,177,1182
6948,fuzzer_global,177,1183
6949,fuzzer_global,177,1184
6950,fuzzer_global,177,1185
6951,fuzzer_global,177,1186
6952,fuzzer_global,177,1187
6953,fuzzer_global,177,1188
6954,fuzzer_global,177,1189
6955,fuzzer_global,177,1190
6956,fuzzer_global,177,1191
6957,fuzzer_global,177,1192
6958,fuzzer_global,177,1193
6959,fuzzer_global,177,1194
6960,fuzzer_global,177,1195
6961,fuzzer_global,177,1196
6962,fuzzer_global,177,1197
6963,fuzzer_global,177,1198
6964,fuzzer_global,177,1199
6965,fuzzer_global,177,1200
6966,fuzzer_global,177,1201
6967,fuzzer_global,177,1202
6968,fuzzer_global,177,1203
6969,fuzzer_global,177,1204
6970,fuzzer_global,177,1205
6971,fuzzer_global,177,1206
6972,fuzzer_global,177,1207
6973,fuzzer_global,177,1208
6974,fuzzer_global,177,1209
6975,fuzzer_global,177,1210
6976,fuzzer_global,177,1211
6977,fuzzer_global,177,1212
6978,fuzzer_global,177,1213
6979,fuzzer_global,177,1214
6980,fuzzer_global,177,1215
6981,fuzzer_global,177,1216
6982,fuzzer_global,177,1217
6983,fuzzer_global,177,1218
6984,fuzzer_global,177,1219
6985,fuzzer_global,177,1220
6986,fuzzer_global,177,1221
6987,fuzzer_global,177,1222
6988,fuzzer_global,177,1223
6989,fuzzer_global,177,1224
6990,fuzzer_global,177,1225
6991,fuzzer_global,177,1226
6992,fuzzer_global,177,1227
6993,fuzzer_global,177,1228
6994,fuzzer_global,177,1229
6995,fuzzer_global,177,1230
6996,fuzzer_global,177,1231
6997,fuzzer_global,177,1232
6998,fuzzer_global,177,1233
6999,fuzzer_global,177,1234
7000,fuzzer_global,177,1235
7001,fuzzer_global,177,1236
7002,fuzzer_global,177,1237
7003,fuzzer_global,177,1238
7004,fuzzer_global,177,1239
7005,fuzzer_global,177,1240
7006,fuzzer_global,177,1241
7007,fuzzer_global,177,1242
7008,fuzzer_global,177,1243
7009,fuzzer_global,177,1244
7010,fuzzer_global,177,1245
7011,fuzzer_global,177,1246
7012,fuzzer_global,177,1247
7013,fuzzer_global,177,1248
7014,fuzzer_global,177,1249
7015,fuzzer_global,177,1250
7016,fuzzer_global,177,1251
7017,fuzzer_global,177,1252
7018,fuzzer_global,177,1253
7019,fuzzer_global,177,1254
7020,fuzzer_global,177,1255
7021,fuzzer_global,177,1256
7022,fuzzer_global,177,1257
7023,fuzzer_global,177,1258
7024,fuzzer_global,177,1259
7025,fuzzer_global,177,1260
7026,fuzzer_global,177,1261
7027,fuzzer_global,177,1262
7028,fuzzer_global,177,1263
7029,fuzzer_global,177,1264
7030,fuzzer_global,177,1265
7031,fuzzer_global,177,1266
7032,fuzzer_global,177,1267
7033,fuzzer_global,177,1268
7034,fuzzer_global,177,1269
7035,fuzzer_global,177,1270
7036,fuzzer_global,177,1271
7037,fuzzer_global,177,1272
7038,fuzzer_global,177,1273
7039,fuzzer_global,177,1274
7040,fuzzer_global,177,1275
7041,fuzzer_global,177,1276
7042,fuzzer_global,177,1277
7043,fuzzer_global,177,1278
7044,fuzzer_global,177,1279
7045,fuzzer_global,177,1280
7046,fuzzer_global,177,1281
7047,fuzzer_global,177,1282
7048,fuzzer_global,177,1283
7049,fuzzer_global,177,1284
7050,fuzzer_global,177,1285
7051,fuzzer_global,177,1286
7052,fuzzer_global,177,1287
7053,fuzzer_global,177,1288
7054,fuzzer_global,177,1289
7055,fuzzer_global,177,1290
7056,fuzzer_global,177,1291
7057,fuzzer_global,177,1292
7058,fuzzer_global,177,1293
7059,fuzzer_global,177,1294
7060,fuzzer_global,177,1295
7061,fuzzer_global,177,1296
7062,fuzzer_global,177,1297
7063,fuzzer_global,177,1298
7064,fuzzer_global,177,1299
7065,fuzzer_global,177,1300
7066,fuzzer_global,177,1301
7067,fuzzer_global,177,1302
7068,fuzzer_global,177,1303
7069,fuzzer_global,177,1304
7070,fuzzer_global,177,1305
7071,fuzzer_global,177,1306
7072,fuzzer_global,177,1307
7073,fuzzer_global,177,1308
7074,fuzzer_global,177,1309
7075,fuzzer_global,177,1310
7076,fuzzer_global,177,1311
7077,fuzzer_global,177,1312
7078,fuzzer_global,177,1313
7079,fuzzer_global,177,1314
7080,fuzzer_global,177,1315
7081,fuzzer_global,177,1316
7082,fuzzer_global,177,1317
7083,fuzzer_global,177,1318
7084,fuzzer_global,177,1319
7085,fuzzer_global,177,1320
7086,fuzzer_global,177,1321
7087,fuzzer_global,177,1322
7088,fuzzer_global,177,1323
7089,fuzzer_global,177,1324
7090,fuzzer_global,177,1325
7091,fuzzer_global,177,1326
7092,fuzzer_global,177,1327
7093,fuzzer_global,177,1328
7094,fuzzer_global,177,1329
7095,fuzzer_global,177,1330
7096,fuzzer_global,177,1331
7097,fuzzer_global,177,1332
7098,fuzzer_global,177,1333
7099,fuzzer_global,177,1334
7100,fuzzer_global,177,1335
7101,fuzzer_global,177,1336
7102,fuzzer_global,177,1337
7103,fuzzer_global,177,1338
7104,fuzzer_global,177,1339
7105,fuzzer_global,177,1340
7106,fuzzer_global,177,1341
7107,fuzzer_global,177,1342
7108,fuzzer_global,177,1343
7109,fuzzer_global,177,1344
7110,fuzzer_global,177,1345
7111,fuzzer_global,177,1346
7112,fuzzer_global,177,1347
7113,fuzzer_global,177,1348
7114,fuzzer_global,177,1349
7115,fuzzer_global,177,1350
7116,fuzzer_global,177,1351
7117,fuzzer_global,177,1352
7118,fuzzer_global,177,1353
7119,fuzzer_global,177,1354
7120,fuzzer_global,177,1355
7121,fuzzer_global,177,1356
7122,fuzzer_global,177,1357
7123,fuzzer_global,177,1358
7124,fuzzer_global,177,1359
7125,fuzzer_global,177,1360
7126,fuzzer_global,177,1361
7127,fuzzer_global,177,1362
7128,fuzzer_global,177,1363
7129,fuzzer_global,177,1364
7130,fuzzer_global,177,1365
7131,fuzzer_global,177,1366
7132,fuzzer_global,177,1367
7133,fuzzer_global,177,1368
7134,fuzzer_global,177,1369
7135,fuzzer_global,177,1370
7136,fuzzer_global,177,1371
7137,fuzzer_global,177,1372
7138,fuzzer_global,177,1373
7139,fuzzer_global,177,1374
7140,fuzzer_global,177,1375
7141,fuzzer_global,177,1376
7142,fuzzer_global,177,1377
7143,fuzzer_global,177,1378
7144,fuzzer_global,177,1379
7145,fuzzer_global,177,1380
7146,fuzzer_global,177,1381
7147,fuzzer_global,177,1382
7148,fuzzer_global,177,1383
7149,fuzzer_global,177,1384
7150,fuzzer_global,177,1385
7151,fuzzer_global,177,1386
7152,fuzzer_global,177,1387
7153,fuzzer_global,177,1388
7154,fuzzer_global,177,1389
7155,fuzzer_global,177,1390
7156,fuzzer_global,177,1391
7157,fuzzer_global,177,1392
7158,fuzzer_global,177,1393
7159,fuzzer_global,177,1394
7160,fuzzer_global,177,1395
7161,fuzzer_global,177,1396
7162,fuzzer_global,177,1397
7163,fuzzer_global,177,1398
7164,fuzzer_global,177,1399
7165,fuzzer_global,177,1400
7166,fuzzer_global,177,1401
7167,fuzzer_global,177,1402
7168,fuzzer_global,177,1403
7169,fuzzer_global,177,1404
7170,fuzzer_global,177,1405
7171,fuzzer_global,177,1406
7172,fuzzer_global,177,1407
7173,fuzzer_global,177,1408
7174,fuzzer_global,177,1409
7175,fuzzer_global,177,1410
7176,fuzzer_global,177,1411
7177,fuzzer_global,177,1412
7178,fuzzer_global,177,1413
7179,fuzzer_global,177,1414
7180,fuzzer_global,177,1415
7181,fuzzer_global,177,1416
7182,fuzzer_global,177,1417
7183,fuzzer_global,177,1418
7184,fuzzer_global,177,1419
7185,fuzzer_global,177,1420
7186,fuzzer_global,177,1421
7187,fuzzer_global,177,1422
7188,fuzzer_global,177,1423
7189,fuzzer_global,177,1424
7190,fuzzer_global,177,1425
7191,fuzzer_global,177,1426
7192,fuzzer_global,177,1427
7193,fuzzer_global,177,1428
7194,fuzzer_global,177,1429
7195,fuzzer_global,177,1430
7196,fuzzer_global,177,1431
7197,fuzzer_global,177,1432
7198,fuzzer_global,177,1433
7199,fuzzer_global,177,1434
7200,fuzzer_global,177,1435
7201,fuzzer_global,177,1436
7202,fuzzer_global,177,1437
7203,fuzzer_global,177,1438
7204,fuzzer_global,177,1439
