,fuzzer,edges_count,time
0,symcc-0-exid3,0,0
1,fairfuzz-0-exid3,0,0
2,aflplusplus-0-exid3,0,0
3,mopt-0-exid3,0,0
4,fuzzer_global,0,0
5,symcc-0-exid3,68,0
6,symcc-0-exid3,116,1
7,symcc-0-exid3,138,2
8,symcc-0-exid3,151,3
9,symcc-0-exid3,160,4
10,symcc-0-exid3,215,5
11,symcc-0-exid3,223,6
12,symcc-0-exid3,243,7
13,symcc-0-exid3,261,8
14,symcc-0-exid3,276,9
15,symcc-0-exid3,285,10
16,symcc-0-exid3,299,11
17,symcc-0-exid3,322,12
18,symcc-0-exid3,338,13
19,symcc-0-exid3,353,14
20,symcc-0-exid3,360,15
21,symcc-0-exid3,366,16
22,symcc-0-exid3,370,17
23,symcc-0-exid3,379,18
24,symcc-0-exid3,390,19
25,symcc-0-exid3,408,20
26,symcc-0-exid3,423,21
27,symcc-0-exid3,434,22
28,symcc-0-exid3,463,23
29,symcc-0-exid3,468,24
30,symcc-0-exid3,469,25
31,symcc-0-exid3,487,26
32,symcc-0-exid3,504,27
33,symcc-0-exid3,520,28
34,symcc-0-exid3,521,29
35,symcc-0-exid3,521,30
36,symcc-0-exid3,555,31
37,symcc-0-exid3,569,32
38,symcc-0-exid3,569,33
39,symcc-0-exid3,580,34
40,symcc-0-exid3,594,35
41,symcc-0-exid3,595,36
42,symcc-0-exid3,596,37
43,symcc-0-exid3,607,38
44,symcc-0-exid3,609,39
45,symcc-0-exid3,627,40
46,symcc-0-exid3,629,41
47,symcc-0-exid3,637,42
48,symcc-0-exid3,644,43
49,symcc-0-exid3,652,44
50,symcc-0-exid3,656,45
51,symcc-0-exid3,661,46
52,symcc-0-exid3,685,47
53,symcc-0-exid3,697,48
54,symcc-0-exid3,706,49
55,symcc-0-exid3,723,50
56,symcc-0-exid3,729,51
57,symcc-0-exid3,733,52
58,symcc-0-exid3,736,53
59,symcc-0-exid3,743,54
60,symcc-0-exid3,744,55
61,symcc-0-exid3,754,56
62,symcc-0-exid3,758,57
63,symcc-0-exid3,763,58
64,symcc-0-exid3,764,59
65,symcc-0-exid3,767,60
66,symcc-0-exid3,771,61
67,symcc-0-exid3,782,62
68,symcc-0-exid3,792,63
69,symcc-0-exid3,797,64
70,symcc-0-exid3,797,65
71,symcc-0-exid3,807,66
72,symcc-0-exid3,808,67
73,symcc-0-exid3,815,68
74,symcc-0-exid3,819,69
75,symcc-0-exid3,822,70
76,symcc-0-exid3,823,71
77,symcc-0-exid3,824,72
78,symcc-0-exid3,825,73
79,symcc-0-exid3,825,74
80,symcc-0-exid3,832,75
81,symcc-0-exid3,834,76
82,symcc-0-exid3,836,77
83,symcc-0-exid3,838,78
84,symcc-0-exid3,841,79
85,symcc-0-exid3,842,80
86,symcc-0-exid3,842,81
87,symcc-0-exid3,843,82
88,symcc-0-exid3,843,83
89,symcc-0-exid3,847,84
90,symcc-0-exid3,849,85
91,symcc-0-exid3,849,86
92,symcc-0-exid3,850,87
93,symcc-0-exid3,854,88
94,symcc-0-exid3,861,89
95,symcc-0-exid3,868,90
96,symcc-0-exid3,870,91
97,symcc-0-exid3,870,92
98,symcc-0-exid3,872,93
99,symcc-0-exid3,873,94
100,symcc-0-exid3,873,95
101,symcc-0-exid3,876,96
102,symcc-0-exid3,877,97
103,symcc-0-exid3,877,98
104,symcc-0-exid3,877,99
105,symcc-0-exid3,878,100
106,symcc-0-exid3,881,101
107,symcc-0-exid3,884,102
108,symcc-0-exid3,885,103
109,symcc-0-exid3,887,104
110,symcc-0-exid3,887,105
111,symcc-0-exid3,887,106
112,symcc-0-exid3,889,107
113,symcc-0-exid3,894,108
114,symcc-0-exid3,895,109
115,symcc-0-exid3,897,110
116,symcc-0-exid3,897,111
117,symcc-0-exid3,899,112
118,symcc-0-exid3,900,113
119,symcc-0-exid3,903,114
120,symcc-0-exid3,905,115
121,symcc-0-exid3,907,116
122,symcc-0-exid3,909,117
123,symcc-0-exid3,910,118
124,symcc-0-exid3,913,119
125,symcc-0-exid3,915,120
126,symcc-0-exid3,915,121
127,symcc-0-exid3,916,122
128,symcc-0-exid3,918,123
129,symcc-0-exid3,918,124
130,symcc-0-exid3,918,125
131,symcc-0-exid3,918,126
132,symcc-0-exid3,918,127
133,symcc-0-exid3,919,128
134,symcc-0-exid3,920,129
135,symcc-0-exid3,921,130
136,symcc-0-exid3,921,131
137,symcc-0-exid3,922,132
138,symcc-0-exid3,924,133
139,symcc-0-exid3,926,134
140,symcc-0-exid3,926,135
141,symcc-0-exid3,932,136
142,symcc-0-exid3,933,137
143,symcc-0-exid3,933,138
144,symcc-0-exid3,935,139
145,symcc-0-exid3,935,140
146,symcc-0-exid3,935,141
147,symcc-0-exid3,935,142
148,symcc-0-exid3,939,143
149,symcc-0-exid3,939,144
150,symcc-0-exid3,942,145
151,symcc-0-exid3,942,146
152,symcc-0-exid3,943,147
153,symcc-0-exid3,943,148
154,symcc-0-exid3,943,149
155,symcc-0-exid3,943,150
156,symcc-0-exid3,948,151
157,symcc-0-exid3,948,152
158,symcc-0-exid3,950,153
159,symcc-0-exid3,951,154
160,symcc-0-exid3,951,155
161,symcc-0-exid3,952,156
162,symcc-0-exid3,952,157
163,symcc-0-exid3,963,158
164,symcc-0-exid3,963,159
165,symcc-0-exid3,968,160
166,symcc-0-exid3,969,161
167,symcc-0-exid3,969,162
168,symcc-0-exid3,973,163
169,symcc-0-exid3,975,164
170,symcc-0-exid3,975,165
171,symcc-0-exid3,975,166
172,symcc-0-exid3,976,167
173,symcc-0-exid3,976,168
174,symcc-0-exid3,976,169
175,symcc-0-exid3,977,170
176,symcc-0-exid3,978,171
177,symcc-0-exid3,980,172
178,symcc-0-exid3,980,173
179,symcc-0-exid3,980,174
180,symcc-0-exid3,980,175
181,symcc-0-exid3,980,176
182,symcc-0-exid3,981,177
183,symcc-0-exid3,982,178
184,symcc-0-exid3,982,179
185,symcc-0-exid3,982,180
186,symcc-0-exid3,983,181
187,symcc-0-exid3,984,182
188,symcc-0-exid3,984,183
189,symcc-0-exid3,984,184
190,symcc-0-exid3,988,185
191,symcc-0-exid3,988,186
192,symcc-0-exid3,988,187
193,symcc-0-exid3,988,188
194,symcc-0-exid3,988,189
195,symcc-0-exid3,988,190
196,symcc-0-exid3,989,191
197,symcc-0-exid3,989,192
198,symcc-0-exid3,989,193
199,symcc-0-exid3,989,194
200,symcc-0-exid3,990,195
201,symcc-0-exid3,990,196
202,symcc-0-exid3,990,197
203,symcc-0-exid3,990,198
204,symcc-0-exid3,990,199
205,symcc-0-exid3,990,200
206,symcc-0-exid3,990,201
207,symcc-0-exid3,990,202
208,symcc-0-exid3,990,203
209,symcc-0-exid3,990,204
210,symcc-0-exid3,990,205
211,symcc-0-exid3,996,206
212,symcc-0-exid3,996,207
213,symcc-0-exid3,996,208
214,symcc-0-exid3,996,209
215,symcc-0-exid3,996,210
216,symcc-0-exid3,996,211
217,symcc-0-exid3,999,212
218,symcc-0-exid3,999,213
219,symcc-0-exid3,999,214
220,symcc-0-exid3,999,215
221,symcc-0-exid3,999,216
222,symcc-0-exid3,999,217
223,symcc-0-exid3,1001,218
224,symcc-0-exid3,1001,219
225,symcc-0-exid3,1001,220
226,symcc-0-exid3,1001,221
227,symcc-0-exid3,1001,222
228,symcc-0-exid3,1001,223
229,symcc-0-exid3,1001,224
230,symcc-0-exid3,1003,225
231,symcc-0-exid3,1006,226
232,symcc-0-exid3,1006,227
233,symcc-0-exid3,1006,228
234,symcc-0-exid3,1006,229
235,symcc-0-exid3,1006,230
236,symcc-0-exid3,1006,231
237,symcc-0-exid3,1006,232
238,symcc-0-exid3,1006,233
239,symcc-0-exid3,1006,234
240,symcc-0-exid3,1006,235
241,symcc-0-exid3,1006,236
242,symcc-0-exid3,1006,237
243,symcc-0-exid3,1006,238
244,symcc-0-exid3,1006,239
245,symcc-0-exid3,1006,240
246,symcc-0-exid3,1006,241
247,symcc-0-exid3,1006,242
248,symcc-0-exid3,1006,243
249,symcc-0-exid3,1006,244
250,symcc-0-exid3,1006,245
251,symcc-0-exid3,1006,246
252,symcc-0-exid3,1006,247
253,symcc-0-exid3,1006,248
254,symcc-0-exid3,1006,249
255,symcc-0-exid3,1006,250
256,symcc-0-exid3,1006,251
257,symcc-0-exid3,1006,252
258,symcc-0-exid3,1006,253
259,symcc-0-exid3,1006,254
260,symcc-0-exid3,1006,255
261,symcc-0-exid3,1006,256
262,symcc-0-exid3,1006,257
263,symcc-0-exid3,1006,258
264,symcc-0-exid3,1006,259
265,symcc-0-exid3,1006,260
266,symcc-0-exid3,1006,261
267,symcc-0-exid3,1006,262
268,symcc-0-exid3,1006,263
269,symcc-0-exid3,1006,264
270,symcc-0-exid3,1006,265
271,symcc-0-exid3,1006,266
272,symcc-0-exid3,1006,267
273,symcc-0-exid3,1006,268
274,symcc-0-exid3,1006,269
275,symcc-0-exid3,1007,270
276,symcc-0-exid3,1007,271
277,symcc-0-exid3,1007,272
278,symcc-0-exid3,1007,273
279,symcc-0-exid3,1007,274
280,symcc-0-exid3,1011,275
281,symcc-0-exid3,1011,276
282,symcc-0-exid3,1011,277
283,symcc-0-exid3,1011,278
284,symcc-0-exid3,1011,279
285,symcc-0-exid3,1011,280
286,symcc-0-exid3,1012,281
287,symcc-0-exid3,1012,282
288,symcc-0-exid3,1012,283
289,symcc-0-exid3,1013,284
290,symcc-0-exid3,1019,285
291,symcc-0-exid3,1019,286
292,symcc-0-exid3,1020,287
293,symcc-0-exid3,1020,288
294,symcc-0-exid3,1021,289
295,symcc-0-exid3,1021,290
296,symcc-0-exid3,1024,291
297,symcc-0-exid3,1024,292
298,symcc-0-exid3,1024,293
299,symcc-0-exid3,1024,294
300,symcc-0-exid3,1025,295
301,symcc-0-exid3,1026,296
302,symcc-0-exid3,1026,297
303,symcc-0-exid3,1026,298
304,symcc-0-exid3,1026,299
305,symcc-0-exid3,1027,300
306,symcc-0-exid3,1028,301
307,symcc-0-exid3,1028,302
308,symcc-0-exid3,1028,303
309,symcc-0-exid3,1028,304
310,symcc-0-exid3,1028,305
311,symcc-0-exid3,1029,306
312,symcc-0-exid3,1029,307
313,symcc-0-exid3,1029,308
314,symcc-0-exid3,1029,309
315,symcc-0-exid3,1029,310
316,symcc-0-exid3,1030,311
317,symcc-0-exid3,1030,312
318,symcc-0-exid3,1030,313
319,symcc-0-exid3,1030,314
320,symcc-0-exid3,1031,315
321,symcc-0-exid3,1032,316
322,symcc-0-exid3,1032,317
323,symcc-0-exid3,1033,318
324,symcc-0-exid3,1033,319
325,symcc-0-exid3,1033,320
326,symcc-0-exid3,1035,321
327,symcc-0-exid3,1035,322
328,symcc-0-exid3,1035,323
329,symcc-0-exid3,1036,324
330,symcc-0-exid3,1036,325
331,symcc-0-exid3,1036,326
332,symcc-0-exid3,1036,327
333,symcc-0-exid3,1036,328
334,symcc-0-exid3,1041,329
335,symcc-0-exid3,1041,330
336,symcc-0-exid3,1041,331
337,symcc-0-exid3,1041,332
338,symcc-0-exid3,1068,333
339,symcc-0-exid3,1076,334
340,symcc-0-exid3,1084,335
341,symcc-0-exid3,1099,336
342,symcc-0-exid3,1101,337
343,symcc-0-exid3,1113,338
344,symcc-0-exid3,1115,339
345,symcc-0-exid3,1118,340
346,symcc-0-exid3,1118,341
347,symcc-0-exid3,1121,342
348,symcc-0-exid3,1122,343
349,symcc-0-exid3,1126,344
350,symcc-0-exid3,1129,345
351,symcc-0-exid3,1134,346
352,symcc-0-exid3,1135,347
353,symcc-0-exid3,1137,348
354,symcc-0-exid3,1137,349
355,symcc-0-exid3,1137,350
356,symcc-0-exid3,1137,351
357,symcc-0-exid3,1140,352
358,symcc-0-exid3,1140,353
359,symcc-0-exid3,1140,354
360,symcc-0-exid3,1143,355
361,symcc-0-exid3,1143,356
362,symcc-0-exid3,1143,357
363,symcc-0-exid3,1143,358
364,symcc-0-exid3,1143,359
365,symcc-0-exid3,1146,360
366,symcc-0-exid3,1146,361
367,symcc-0-exid3,1146,362
368,symcc-0-exid3,1147,363
369,symcc-0-exid3,1147,364
370,symcc-0-exid3,1147,365
371,symcc-0-exid3,1147,366
372,symcc-0-exid3,1148,367
373,symcc-0-exid3,1149,368
374,symcc-0-exid3,1151,369
375,symcc-0-exid3,1151,370
376,symcc-0-exid3,1151,371
377,symcc-0-exid3,1151,372
378,symcc-0-exid3,1152,373
379,symcc-0-exid3,1153,374
380,symcc-0-exid3,1159,375
381,symcc-0-exid3,1159,376
382,symcc-0-exid3,1162,377
383,symcc-0-exid3,1162,378
384,symcc-0-exid3,1168,379
385,symcc-0-exid3,1170,380
386,symcc-0-exid3,1171,381
387,symcc-0-exid3,1171,382
388,symcc-0-exid3,1175,383
389,symcc-0-exid3,1180,384
390,symcc-0-exid3,1180,385
391,symcc-0-exid3,1185,386
392,symcc-0-exid3,1189,387
393,symcc-0-exid3,1189,388
394,symcc-0-exid3,1190,389
395,symcc-0-exid3,1190,390
396,symcc-0-exid3,1192,391
397,symcc-0-exid3,1193,392
398,symcc-0-exid3,1194,393
399,symcc-0-exid3,1194,394
400,symcc-0-exid3,1197,395
401,symcc-0-exid3,1197,396
402,symcc-0-exid3,1200,397
403,symcc-0-exid3,1200,398
404,symcc-0-exid3,1200,399
405,symcc-0-exid3,1203,400
406,symcc-0-exid3,1203,401
407,symcc-0-exid3,1203,402
408,symcc-0-exid3,1204,403
409,symcc-0-exid3,1206,404
410,symcc-0-exid3,1206,405
411,symcc-0-exid3,1206,406
412,symcc-0-exid3,1208,407
413,symcc-0-exid3,1208,408
414,symcc-0-exid3,1208,409
415,symcc-0-exid3,1209,410
416,symcc-0-exid3,1209,411
417,symcc-0-exid3,1209,412
418,symcc-0-exid3,1209,413
419,symcc-0-exid3,1210,414
420,symcc-0-exid3,1210,415
421,symcc-0-exid3,1211,416
422,symcc-0-exid3,1211,417
423,symcc-0-exid3,1211,418
424,symcc-0-exid3,1211,419
425,symcc-0-exid3,1211,420
426,symcc-0-exid3,1211,421
427,symcc-0-exid3,1211,422
428,symcc-0-exid3,1211,423
429,symcc-0-exid3,1212,424
430,symcc-0-exid3,1212,425
431,symcc-0-exid3,1212,426
432,symcc-0-exid3,1212,427
433,symcc-0-exid3,1215,428
434,symcc-0-exid3,1215,429
435,symcc-0-exid3,1215,430
436,symcc-0-exid3,1215,431
437,symcc-0-exid3,1216,432
438,symcc-0-exid3,1217,433
439,symcc-0-exid3,1217,434
440,symcc-0-exid3,1217,435
441,symcc-0-exid3,1217,436
442,symcc-0-exid3,1217,437
443,symcc-0-exid3,1217,438
444,symcc-0-exid3,1217,439
445,symcc-0-exid3,1217,440
446,symcc-0-exid3,1219,441
447,symcc-0-exid3,1219,442
448,symcc-0-exid3,1219,443
449,symcc-0-exid3,1219,444
450,symcc-0-exid3,1219,445
451,symcc-0-exid3,1220,446
452,symcc-0-exid3,1221,447
453,symcc-0-exid3,1221,448
454,symcc-0-exid3,1222,449
455,symcc-0-exid3,1222,450
456,symcc-0-exid3,1224,451
457,symcc-0-exid3,1226,452
458,symcc-0-exid3,1226,453
459,symcc-0-exid3,1226,454
460,symcc-0-exid3,1226,455
461,symcc-0-exid3,1226,456
462,symcc-0-exid3,1226,457
463,symcc-0-exid3,1226,458
464,symcc-0-exid3,1226,459
465,symcc-0-exid3,1226,460
466,symcc-0-exid3,1226,461
467,symcc-0-exid3,1226,462
468,symcc-0-exid3,1226,463
469,symcc-0-exid3,1226,464
470,symcc-0-exid3,1226,465
471,symcc-0-exid3,1226,466
472,symcc-0-exid3,1226,467
473,symcc-0-exid3,1228,468
474,symcc-0-exid3,1228,469
475,symcc-0-exid3,1228,470
476,symcc-0-exid3,1228,471
477,symcc-0-exid3,1228,472
478,symcc-0-exid3,1229,473
479,symcc-0-exid3,1229,474
480,symcc-0-exid3,1229,475
481,symcc-0-exid3,1229,476
482,symcc-0-exid3,1229,477
483,symcc-0-exid3,1229,478
484,symcc-0-exid3,1229,479
485,symcc-0-exid3,1229,480
486,symcc-0-exid3,1229,481
487,symcc-0-exid3,1229,482
488,symcc-0-exid3,1229,483
489,symcc-0-exid3,1229,484
490,symcc-0-exid3,1231,485
491,symcc-0-exid3,1231,486
492,symcc-0-exid3,1232,487
493,symcc-0-exid3,1232,488
494,symcc-0-exid3,1232,489
495,symcc-0-exid3,1232,490
496,symcc-0-exid3,1232,491
497,symcc-0-exid3,1232,492
498,symcc-0-exid3,1232,493
499,symcc-0-exid3,1232,494
500,symcc-0-exid3,1232,495
501,symcc-0-exid3,1234,496
502,symcc-0-exid3,1234,497
503,symcc-0-exid3,1234,498
504,symcc-0-exid3,1235,499
505,symcc-0-exid3,1236,500
506,symcc-0-exid3,1238,501
507,symcc-0-exid3,1238,502
508,symcc-0-exid3,1238,503
509,symcc-0-exid3,1240,504
510,symcc-0-exid3,1240,505
511,symcc-0-exid3,1240,506
512,symcc-0-exid3,1240,507
513,symcc-0-exid3,1240,508
514,symcc-0-exid3,1240,509
515,symcc-0-exid3,1240,510
516,symcc-0-exid3,1240,511
517,symcc-0-exid3,1240,512
518,symcc-0-exid3,1240,513
519,symcc-0-exid3,1240,514
520,symcc-0-exid3,1241,515
521,symcc-0-exid3,1241,516
522,symcc-0-exid3,1241,517
523,symcc-0-exid3,1241,518
524,symcc-0-exid3,1241,519
525,symcc-0-exid3,1241,520
526,symcc-0-exid3,1242,521
527,symcc-0-exid3,1245,522
528,symcc-0-exid3,1246,523
529,symcc-0-exid3,1246,524
530,symcc-0-exid3,1246,525
531,symcc-0-exid3,1246,526
532,symcc-0-exid3,1246,527
533,symcc-0-exid3,1246,528
534,symcc-0-exid3,1246,529
535,symcc-0-exid3,1246,530
536,symcc-0-exid3,1246,531
537,symcc-0-exid3,1246,532
538,symcc-0-exid3,1246,533
539,symcc-0-exid3,1246,534
540,symcc-0-exid3,1246,535
541,symcc-0-exid3,1246,536
542,symcc-0-exid3,1247,537
543,symcc-0-exid3,1247,538
544,symcc-0-exid3,1247,539
545,symcc-0-exid3,1247,540
546,symcc-0-exid3,1250,541
547,symcc-0-exid3,1251,542
548,symcc-0-exid3,1251,543
549,symcc-0-exid3,1252,544
550,symcc-0-exid3,1252,545
551,symcc-0-exid3,1252,546
552,symcc-0-exid3,1252,547
553,symcc-0-exid3,1253,548
554,symcc-0-exid3,1255,549
555,symcc-0-exid3,1255,550
556,symcc-0-exid3,1256,551
557,symcc-0-exid3,1256,552
558,symcc-0-exid3,1256,553
559,symcc-0-exid3,1256,554
560,symcc-0-exid3,1256,555
561,symcc-0-exid3,1256,556
562,symcc-0-exid3,1256,557
563,symcc-0-exid3,1257,558
564,symcc-0-exid3,1257,559
565,symcc-0-exid3,1257,560
566,symcc-0-exid3,1257,561
567,symcc-0-exid3,1257,562
568,symcc-0-exid3,1257,563
569,symcc-0-exid3,1257,564
570,symcc-0-exid3,1257,565
571,symcc-0-exid3,1257,566
572,symcc-0-exid3,1257,567
573,symcc-0-exid3,1258,568
574,symcc-0-exid3,1258,569
575,symcc-0-exid3,1258,570
576,symcc-0-exid3,1258,571
577,symcc-0-exid3,1259,572
578,symcc-0-exid3,1259,573
579,symcc-0-exid3,1259,574
580,symcc-0-exid3,1259,575
581,symcc-0-exid3,1259,576
582,symcc-0-exid3,1260,577
583,symcc-0-exid3,1260,578
584,symcc-0-exid3,1260,579
585,symcc-0-exid3,1260,580
586,symcc-0-exid3,1260,581
587,symcc-0-exid3,1260,582
588,symcc-0-exid3,1260,583
589,symcc-0-exid3,1262,584
590,symcc-0-exid3,1263,585
591,symcc-0-exid3,1264,586
592,symcc-0-exid3,1264,587
593,symcc-0-exid3,1264,588
594,symcc-0-exid3,1264,589
595,symcc-0-exid3,1264,590
596,symcc-0-exid3,1264,591
597,symcc-0-exid3,1265,592
598,symcc-0-exid3,1265,593
599,symcc-0-exid3,1265,594
600,symcc-0-exid3,1265,595
601,symcc-0-exid3,1265,596
602,symcc-0-exid3,1265,597
603,symcc-0-exid3,1265,598
604,symcc-0-exid3,1265,599
605,symcc-0-exid3,1265,600
606,symcc-0-exid3,1265,601
607,symcc-0-exid3,1266,602
608,symcc-0-exid3,1266,603
609,symcc-0-exid3,1266,604
610,symcc-0-exid3,1266,605
611,symcc-0-exid3,1266,606
612,symcc-0-exid3,1266,607
613,symcc-0-exid3,1266,608
614,symcc-0-exid3,1266,609
615,symcc-0-exid3,1266,610
616,symcc-0-exid3,1266,611
617,symcc-0-exid3,1266,612
618,symcc-0-exid3,1266,613
619,symcc-0-exid3,1266,614
620,symcc-0-exid3,1266,615
621,symcc-0-exid3,1266,616
622,symcc-0-exid3,1266,617
623,symcc-0-exid3,1266,618
624,symcc-0-exid3,1266,619
625,symcc-0-exid3,1266,620
626,symcc-0-exid3,1266,621
627,symcc-0-exid3,1266,622
628,symcc-0-exid3,1266,623
629,symcc-0-exid3,1266,624
630,symcc-0-exid3,1266,625
631,symcc-0-exid3,1266,626
632,symcc-0-exid3,1266,627
633,symcc-0-exid3,1266,628
634,symcc-0-exid3,1266,629
635,symcc-0-exid3,1266,630
636,symcc-0-exid3,1266,631
637,symcc-0-exid3,1266,632
638,symcc-0-exid3,1266,633
639,symcc-0-exid3,1266,634
640,symcc-0-exid3,1266,635
641,symcc-0-exid3,1266,636
642,symcc-0-exid3,1266,637
643,symcc-0-exid3,1266,638
644,symcc-0-exid3,1266,639
645,symcc-0-exid3,1266,640
646,symcc-0-exid3,1266,641
647,symcc-0-exid3,1266,642
648,symcc-0-exid3,1266,643
649,symcc-0-exid3,1266,644
650,symcc-0-exid3,1266,645
651,symcc-0-exid3,1267,646
652,symcc-0-exid3,1267,647
653,symcc-0-exid3,1267,648
654,symcc-0-exid3,1267,649
655,symcc-0-exid3,1267,650
656,symcc-0-exid3,1267,651
657,symcc-0-exid3,1267,652
658,symcc-0-exid3,1267,653
659,symcc-0-exid3,1267,654
660,symcc-0-exid3,1267,655
661,symcc-0-exid3,1267,656
662,symcc-0-exid3,1267,657
663,symcc-0-exid3,1268,658
664,symcc-0-exid3,1268,659
665,symcc-0-exid3,1268,660
666,symcc-0-exid3,1268,661
667,symcc-0-exid3,1268,662
668,symcc-0-exid3,1268,663
669,symcc-0-exid3,1268,664
670,symcc-0-exid3,1268,665
671,symcc-0-exid3,1268,666
672,symcc-0-exid3,1268,667
673,symcc-0-exid3,1268,668
674,symcc-0-exid3,1268,669
675,symcc-0-exid3,1268,670
676,symcc-0-exid3,1268,671
677,symcc-0-exid3,1268,672
678,symcc-0-exid3,1268,673
679,symcc-0-exid3,1269,674
680,symcc-0-exid3,1269,675
681,symcc-0-exid3,1270,676
682,symcc-0-exid3,1270,677
683,symcc-0-exid3,1271,678
684,symcc-0-exid3,1271,679
685,symcc-0-exid3,1271,680
686,symcc-0-exid3,1271,681
687,symcc-0-exid3,1271,682
688,symcc-0-exid3,1271,683
689,symcc-0-exid3,1271,684
690,symcc-0-exid3,1271,685
691,symcc-0-exid3,1271,686
692,symcc-0-exid3,1271,687
693,symcc-0-exid3,1272,688
694,symcc-0-exid3,1272,689
695,symcc-0-exid3,1272,690
696,symcc-0-exid3,1276,691
697,symcc-0-exid3,1277,692
698,symcc-0-exid3,1277,693
699,symcc-0-exid3,1277,694
700,symcc-0-exid3,1277,695
701,symcc-0-exid3,1277,696
702,symcc-0-exid3,1277,697
703,symcc-0-exid3,1277,698
704,symcc-0-exid3,1277,699
705,symcc-0-exid3,1277,700
706,symcc-0-exid3,1277,701
707,symcc-0-exid3,1277,702
708,symcc-0-exid3,1277,703
709,symcc-0-exid3,1277,704
710,symcc-0-exid3,1277,705
711,symcc-0-exid3,1277,706
712,symcc-0-exid3,1277,707
713,symcc-0-exid3,1277,708
714,symcc-0-exid3,1278,709
715,symcc-0-exid3,1278,710
716,symcc-0-exid3,1278,711
717,symcc-0-exid3,1278,712
718,symcc-0-exid3,1278,713
719,symcc-0-exid3,1278,714
720,symcc-0-exid3,1278,715
721,symcc-0-exid3,1278,716
722,symcc-0-exid3,1278,717
723,symcc-0-exid3,1278,718
724,symcc-0-exid3,1278,719
725,symcc-0-exid3,1278,720
726,symcc-0-exid3,1278,721
727,symcc-0-exid3,1278,722
728,symcc-0-exid3,1278,723
729,symcc-0-exid3,1278,724
730,symcc-0-exid3,1278,725
731,symcc-0-exid3,1278,726
732,symcc-0-exid3,1278,727
733,symcc-0-exid3,1278,728
734,symcc-0-exid3,1278,729
735,symcc-0-exid3,1278,730
736,symcc-0-exid3,1278,731
737,symcc-0-exid3,1278,732
738,symcc-0-exid3,1278,733
739,symcc-0-exid3,1278,734
740,symcc-0-exid3,1278,735
741,symcc-0-exid3,1280,736
742,symcc-0-exid3,1280,737
743,symcc-0-exid3,1280,738
744,symcc-0-exid3,1282,739
745,symcc-0-exid3,1282,740
746,symcc-0-exid3,1282,741
747,symcc-0-exid3,1282,742
748,symcc-0-exid3,1282,743
749,symcc-0-exid3,1282,744
750,symcc-0-exid3,1282,745
751,symcc-0-exid3,1282,746
752,symcc-0-exid3,1282,747
753,symcc-0-exid3,1282,748
754,symcc-0-exid3,1283,749
755,symcc-0-exid3,1283,750
756,symcc-0-exid3,1283,751
757,symcc-0-exid3,1283,752
758,symcc-0-exid3,1283,753
759,symcc-0-exid3,1283,754
760,symcc-0-exid3,1283,755
761,symcc-0-exid3,1283,756
762,symcc-0-exid3,1283,757
763,symcc-0-exid3,1283,758
764,symcc-0-exid3,1283,759
765,symcc-0-exid3,1283,760
766,symcc-0-exid3,1283,761
767,symcc-0-exid3,1283,762
768,symcc-0-exid3,1283,763
769,symcc-0-exid3,1283,764
770,symcc-0-exid3,1283,765
771,symcc-0-exid3,1283,766
772,symcc-0-exid3,1283,767
773,symcc-0-exid3,1283,768
774,symcc-0-exid3,1283,769
775,symcc-0-exid3,1284,770
776,symcc-0-exid3,1284,771
777,symcc-0-exid3,1288,772
778,symcc-0-exid3,1288,773
779,symcc-0-exid3,1288,774
780,symcc-0-exid3,1288,775
781,symcc-0-exid3,1289,776
782,symcc-0-exid3,1289,777
783,symcc-0-exid3,1289,778
784,symcc-0-exid3,1289,779
785,symcc-0-exid3,1289,780
786,symcc-0-exid3,1289,781
787,symcc-0-exid3,1289,782
788,symcc-0-exid3,1289,783
789,symcc-0-exid3,1289,784
790,symcc-0-exid3,1289,785
791,symcc-0-exid3,1289,786
792,symcc-0-exid3,1289,787
793,symcc-0-exid3,1289,788
794,symcc-0-exid3,1290,789
795,symcc-0-exid3,1290,790
796,symcc-0-exid3,1290,791
797,symcc-0-exid3,1291,792
798,symcc-0-exid3,1291,793
799,symcc-0-exid3,1291,794
800,symcc-0-exid3,1295,795
801,symcc-0-exid3,1295,796
802,symcc-0-exid3,1295,797
803,symcc-0-exid3,1296,798
804,symcc-0-exid3,1297,799
805,symcc-0-exid3,1297,800
806,symcc-0-exid3,1297,801
807,symcc-0-exid3,1297,802
808,symcc-0-exid3,1297,803
809,symcc-0-exid3,1297,804
810,symcc-0-exid3,1297,805
811,symcc-0-exid3,1297,806
812,symcc-0-exid3,1297,807
813,symcc-0-exid3,1297,808
814,symcc-0-exid3,1297,809
815,symcc-0-exid3,1297,810
816,symcc-0-exid3,1297,811
817,symcc-0-exid3,1297,812
818,symcc-0-exid3,1300,813
819,symcc-0-exid3,1300,814
820,symcc-0-exid3,1300,815
821,symcc-0-exid3,1300,816
822,symcc-0-exid3,1300,817
823,symcc-0-exid3,1300,818
824,symcc-0-exid3,1300,819
825,symcc-0-exid3,1300,820
826,symcc-0-exid3,1300,821
827,symcc-0-exid3,1300,822
828,symcc-0-exid3,1300,823
829,symcc-0-exid3,1300,824
830,symcc-0-exid3,1300,825
831,symcc-0-exid3,1300,826
832,symcc-0-exid3,1300,827
833,symcc-0-exid3,1300,828
834,symcc-0-exid3,1300,829
835,symcc-0-exid3,1300,830
836,symcc-0-exid3,1300,831
837,symcc-0-exid3,1301,832
838,symcc-0-exid3,1301,833
839,symcc-0-exid3,1301,834
840,symcc-0-exid3,1301,835
841,symcc-0-exid3,1301,836
842,symcc-0-exid3,1301,837
843,symcc-0-exid3,1302,838
844,symcc-0-exid3,1302,839
845,symcc-0-exid3,1302,840
846,symcc-0-exid3,1302,841
847,symcc-0-exid3,1302,842
848,symcc-0-exid3,1302,843
849,symcc-0-exid3,1303,844
850,symcc-0-exid3,1303,845
851,symcc-0-exid3,1303,846
852,symcc-0-exid3,1304,847
853,symcc-0-exid3,1304,848
854,symcc-0-exid3,1304,849
855,symcc-0-exid3,1304,850
856,symcc-0-exid3,1305,851
857,symcc-0-exid3,1305,852
858,symcc-0-exid3,1305,853
859,symcc-0-exid3,1305,854
860,symcc-0-exid3,1305,855
861,symcc-0-exid3,1306,856
862,symcc-0-exid3,1308,857
863,symcc-0-exid3,1308,858
864,symcc-0-exid3,1308,859
865,symcc-0-exid3,1308,860
866,symcc-0-exid3,1308,861
867,symcc-0-exid3,1308,862
868,symcc-0-exid3,1308,863
869,symcc-0-exid3,1308,864
870,symcc-0-exid3,1308,865
871,symcc-0-exid3,1308,866
872,symcc-0-exid3,1308,867
873,symcc-0-exid3,1308,868
874,symcc-0-exid3,1308,869
875,symcc-0-exid3,1308,870
876,symcc-0-exid3,1309,871
877,symcc-0-exid3,1309,872
878,symcc-0-exid3,1309,873
879,symcc-0-exid3,1309,874
880,symcc-0-exid3,1309,875
881,symcc-0-exid3,1309,876
882,symcc-0-exid3,1309,877
883,symcc-0-exid3,1309,878
884,symcc-0-exid3,1309,879
885,symcc-0-exid3,1309,880
886,symcc-0-exid3,1309,881
887,symcc-0-exid3,1309,882
888,symcc-0-exid3,1309,883
889,symcc-0-exid3,1309,884
890,symcc-0-exid3,1309,885
891,symcc-0-exid3,1309,886
892,symcc-0-exid3,1309,887
893,symcc-0-exid3,1309,888
894,symcc-0-exid3,1309,889
895,symcc-0-exid3,1309,890
896,symcc-0-exid3,1309,891
897,symcc-0-exid3,1309,892
898,symcc-0-exid3,1309,893
899,symcc-0-exid3,1309,894
900,symcc-0-exid3,1309,895
901,symcc-0-exid3,1309,896
902,symcc-0-exid3,1309,897
903,symcc-0-exid3,1309,898
904,symcc-0-exid3,1309,899
905,symcc-0-exid3,1309,900
906,symcc-0-exid3,1309,901
907,symcc-0-exid3,1309,902
908,symcc-0-exid3,1309,903
909,symcc-0-exid3,1309,904
910,symcc-0-exid3,1309,905
911,symcc-0-exid3,1309,906
912,symcc-0-exid3,1309,907
913,symcc-0-exid3,1309,908
914,symcc-0-exid3,1309,909
915,symcc-0-exid3,1309,910
916,symcc-0-exid3,1309,911
917,symcc-0-exid3,1309,912
918,symcc-0-exid3,1309,913
919,symcc-0-exid3,1309,914
920,symcc-0-exid3,1309,915
921,symcc-0-exid3,1309,916
922,symcc-0-exid3,1309,917
923,symcc-0-exid3,1309,918
924,symcc-0-exid3,1309,919
925,symcc-0-exid3,1309,920
926,symcc-0-exid3,1309,921
927,symcc-0-exid3,1310,922
928,symcc-0-exid3,1310,923
929,symcc-0-exid3,1310,924
930,symcc-0-exid3,1310,925
931,symcc-0-exid3,1311,926
932,symcc-0-exid3,1313,927
933,symcc-0-exid3,1313,928
934,symcc-0-exid3,1313,929
935,symcc-0-exid3,1313,930
936,symcc-0-exid3,1313,931
937,symcc-0-exid3,1313,932
938,symcc-0-exid3,1313,933
939,symcc-0-exid3,1313,934
940,symcc-0-exid3,1313,935
941,symcc-0-exid3,1313,936
942,symcc-0-exid3,1313,937
943,symcc-0-exid3,1313,938
944,symcc-0-exid3,1313,939
945,symcc-0-exid3,1313,940
946,symcc-0-exid3,1313,941
947,symcc-0-exid3,1313,942
948,symcc-0-exid3,1313,943
949,symcc-0-exid3,1313,944
950,symcc-0-exid3,1313,945
951,symcc-0-exid3,1313,946
952,symcc-0-exid3,1313,947
953,symcc-0-exid3,1313,948
954,symcc-0-exid3,1313,949
955,symcc-0-exid3,1313,950
956,symcc-0-exid3,1313,951
957,symcc-0-exid3,1313,952
958,symcc-0-exid3,1314,953
959,symcc-0-exid3,1314,954
960,symcc-0-exid3,1314,955
961,symcc-0-exid3,1314,956
962,symcc-0-exid3,1314,957
963,symcc-0-exid3,1314,958
964,symcc-0-exid3,1314,959
965,symcc-0-exid3,1314,960
966,symcc-0-exid3,1314,961
967,symcc-0-exid3,1314,962
968,symcc-0-exid3,1314,963
969,symcc-0-exid3,1314,964
970,symcc-0-exid3,1314,965
971,symcc-0-exid3,1314,966
972,symcc-0-exid3,1314,967
973,symcc-0-exid3,1314,968
974,symcc-0-exid3,1314,969
975,symcc-0-exid3,1314,970
976,symcc-0-exid3,1314,971
977,symcc-0-exid3,1314,972
978,symcc-0-exid3,1314,973
979,symcc-0-exid3,1314,974
980,symcc-0-exid3,1314,975
981,symcc-0-exid3,1314,976
982,symcc-0-exid3,1314,977
983,symcc-0-exid3,1314,978
984,symcc-0-exid3,1314,979
985,symcc-0-exid3,1314,980
986,symcc-0-exid3,1315,981
987,symcc-0-exid3,1316,982
988,symcc-0-exid3,1316,983
989,symcc-0-exid3,1316,984
990,symcc-0-exid3,1316,985
991,symcc-0-exid3,1316,986
992,symcc-0-exid3,1316,987
993,symcc-0-exid3,1316,988
994,symcc-0-exid3,1316,989
995,symcc-0-exid3,1316,990
996,symcc-0-exid3,1316,991
997,symcc-0-exid3,1316,992
998,symcc-0-exid3,1316,993
999,symcc-0-exid3,1316,994
1000,symcc-0-exid3,1316,995
1001,symcc-0-exid3,1316,996
1002,symcc-0-exid3,1316,997
1003,symcc-0-exid3,1316,998
1004,symcc-0-exid3,1316,999
1005,symcc-0-exid3,1316,1000
1006,symcc-0-exid3,1316,1001
1007,symcc-0-exid3,1316,1002
1008,symcc-0-exid3,1316,1003
1009,symcc-0-exid3,1316,1004
1010,symcc-0-exid3,1316,1005
1011,symcc-0-exid3,1316,1006
1012,symcc-0-exid3,1316,1007
1013,symcc-0-exid3,1316,1008
1014,symcc-0-exid3,1316,1009
1015,symcc-0-exid3,1316,1010
1016,symcc-0-exid3,1316,1011
1017,symcc-0-exid3,1316,1012
1018,symcc-0-exid3,1317,1013
1019,symcc-0-exid3,1317,1014
1020,symcc-0-exid3,1317,1015
1021,symcc-0-exid3,1317,1016
1022,symcc-0-exid3,1317,1017
1023,symcc-0-exid3,1317,1018
1024,symcc-0-exid3,1317,1019
1025,symcc-0-exid3,1317,1020
1026,symcc-0-exid3,1317,1021
1027,symcc-0-exid3,1317,1022
1028,symcc-0-exid3,1317,1023
1029,symcc-0-exid3,1317,1024
1030,symcc-0-exid3,1317,1025
1031,symcc-0-exid3,1317,1026
1032,symcc-0-exid3,1317,1027
1033,symcc-0-exid3,1317,1028
1034,symcc-0-exid3,1317,1029
1035,symcc-0-exid3,1317,1030
1036,symcc-0-exid3,1317,1031
1037,symcc-0-exid3,1317,1032
1038,symcc-0-exid3,1317,1033
1039,symcc-0-exid3,1317,1034
1040,symcc-0-exid3,1317,1035
1041,symcc-0-exid3,1317,1036
1042,symcc-0-exid3,1318,1037
1043,symcc-0-exid3,1320,1038
1044,symcc-0-exid3,1321,1039
1045,symcc-0-exid3,1322,1040
1046,symcc-0-exid3,1322,1041
1047,symcc-0-exid3,1322,1042
1048,symcc-0-exid3,1322,1043
1049,symcc-0-exid3,1322,1044
1050,symcc-0-exid3,1322,1045
1051,symcc-0-exid3,1323,1046
1052,symcc-0-exid3,1324,1047
1053,symcc-0-exid3,1326,1048
1054,symcc-0-exid3,1326,1049
1055,symcc-0-exid3,1327,1050
1056,symcc-0-exid3,1328,1051
1057,symcc-0-exid3,1328,1052
1058,symcc-0-exid3,1328,1053
1059,symcc-0-exid3,1328,1054
1060,symcc-0-exid3,1328,1055
1061,symcc-0-exid3,1328,1056
1062,symcc-0-exid3,1328,1057
1063,symcc-0-exid3,1328,1058
1064,symcc-0-exid3,1328,1059
1065,symcc-0-exid3,1329,1060
1066,symcc-0-exid3,1329,1061
1067,symcc-0-exid3,1329,1062
1068,symcc-0-exid3,1329,1063
1069,symcc-0-exid3,1330,1064
1070,symcc-0-exid3,1330,1065
1071,symcc-0-exid3,1330,1066
1072,symcc-0-exid3,1331,1067
1073,symcc-0-exid3,1331,1068
1074,symcc-0-exid3,1331,1069
1075,symcc-0-exid3,1331,1070
1076,symcc-0-exid3,1331,1071
1077,symcc-0-exid3,1331,1072
1078,symcc-0-exid3,1332,1073
1079,symcc-0-exid3,1332,1074
1080,symcc-0-exid3,1332,1075
1081,symcc-0-exid3,1332,1076
1082,symcc-0-exid3,1332,1077
1083,symcc-0-exid3,1332,1078
1084,symcc-0-exid3,1332,1079
1085,symcc-0-exid3,1332,1080
1086,symcc-0-exid3,1332,1081
1087,symcc-0-exid3,1332,1082
1088,symcc-0-exid3,1333,1083
1089,symcc-0-exid3,1333,1084
1090,symcc-0-exid3,1333,1085
1091,symcc-0-exid3,1333,1086
1092,symcc-0-exid3,1333,1087
1093,symcc-0-exid3,1333,1088
1094,symcc-0-exid3,1333,1089
1095,symcc-0-exid3,1333,1090
1096,symcc-0-exid3,1333,1091
1097,symcc-0-exid3,1333,1092
1098,symcc-0-exid3,1333,1093
1099,symcc-0-exid3,1333,1094
1100,symcc-0-exid3,1333,1095
1101,symcc-0-exid3,1333,1096
1102,symcc-0-exid3,1335,1097
1103,symcc-0-exid3,1335,1098
1104,symcc-0-exid3,1335,1099
1105,symcc-0-exid3,1335,1100
1106,symcc-0-exid3,1335,1101
1107,symcc-0-exid3,1335,1102
1108,symcc-0-exid3,1335,1103
1109,symcc-0-exid3,1336,1104
1110,symcc-0-exid3,1336,1105
1111,symcc-0-exid3,1336,1106
1112,symcc-0-exid3,1336,1107
1113,symcc-0-exid3,1336,1108
1114,symcc-0-exid3,1336,1109
1115,symcc-0-exid3,1336,1110
1116,symcc-0-exid3,1336,1111
1117,symcc-0-exid3,1336,1112
1118,symcc-0-exid3,1336,1113
1119,symcc-0-exid3,1336,1114
1120,symcc-0-exid3,1336,1115
1121,symcc-0-exid3,1336,1116
1122,symcc-0-exid3,1336,1117
1123,symcc-0-exid3,1336,1118
1124,symcc-0-exid3,1336,1119
1125,symcc-0-exid3,1336,1120
1126,symcc-0-exid3,1336,1121
1127,symcc-0-exid3,1336,1122
1128,symcc-0-exid3,1336,1123
1129,symcc-0-exid3,1336,1124
1130,symcc-0-exid3,1336,1125
1131,symcc-0-exid3,1336,1126
1132,symcc-0-exid3,1336,1127
1133,symcc-0-exid3,1336,1128
1134,symcc-0-exid3,1336,1129
1135,symcc-0-exid3,1336,1130
1136,symcc-0-exid3,1336,1131
1137,symcc-0-exid3,1336,1132
1138,symcc-0-exid3,1336,1133
1139,symcc-0-exid3,1336,1134
1140,symcc-0-exid3,1336,1135
1141,symcc-0-exid3,1336,1136
1142,symcc-0-exid3,1336,1137
1143,symcc-0-exid3,1336,1138
1144,symcc-0-exid3,1336,1139
1145,symcc-0-exid3,1336,1140
1146,symcc-0-exid3,1336,1141
1147,symcc-0-exid3,1336,1142
1148,symcc-0-exid3,1336,1143
1149,symcc-0-exid3,1336,1144
1150,symcc-0-exid3,1336,1145
1151,symcc-0-exid3,1336,1146
1152,symcc-0-exid3,1336,1147
1153,symcc-0-exid3,1336,1148
1154,symcc-0-exid3,1336,1149
1155,symcc-0-exid3,1336,1150
1156,symcc-0-exid3,1336,1151
1157,symcc-0-exid3,1336,1152
1158,symcc-0-exid3,1336,1153
1159,symcc-0-exid3,1336,1154
1160,symcc-0-exid3,1337,1155
1161,symcc-0-exid3,1338,1156
1162,symcc-0-exid3,1338,1157
1163,symcc-0-exid3,1338,1158
1164,symcc-0-exid3,1338,1159
1165,symcc-0-exid3,1339,1160
1166,symcc-0-exid3,1339,1161
1167,symcc-0-exid3,1339,1162
1168,symcc-0-exid3,1339,1163
1169,symcc-0-exid3,1339,1164
1170,symcc-0-exid3,1339,1165
1171,symcc-0-exid3,1339,1166
1172,symcc-0-exid3,1339,1167
1173,symcc-0-exid3,1340,1168
1174,symcc-0-exid3,1340,1169
1175,symcc-0-exid3,1340,1170
1176,symcc-0-exid3,1340,1171
1177,symcc-0-exid3,1340,1172
1178,symcc-0-exid3,1340,1173
1179,symcc-0-exid3,1340,1174
1180,symcc-0-exid3,1340,1175
1181,symcc-0-exid3,1340,1176
1182,symcc-0-exid3,1340,1177
1183,symcc-0-exid3,1340,1178
1184,symcc-0-exid3,1341,1179
1185,symcc-0-exid3,1341,1180
1186,symcc-0-exid3,1341,1181
1187,symcc-0-exid3,1341,1182
1188,symcc-0-exid3,1341,1183
1189,symcc-0-exid3,1341,1184
1190,symcc-0-exid3,1341,1185
1191,symcc-0-exid3,1341,1186
1192,symcc-0-exid3,1341,1187
1193,symcc-0-exid3,1341,1188
1194,symcc-0-exid3,1341,1189
1195,symcc-0-exid3,1341,1190
1196,symcc-0-exid3,1341,1191
1197,symcc-0-exid3,1341,1192
1198,symcc-0-exid3,1341,1193
1199,symcc-0-exid3,1341,1194
1200,symcc-0-exid3,1341,1195
1201,symcc-0-exid3,1341,1196
1202,symcc-0-exid3,1341,1197
1203,symcc-0-exid3,1341,1198
1204,symcc-0-exid3,1341,1199
1205,symcc-0-exid3,1341,1200
1206,symcc-0-exid3,1341,1201
1207,symcc-0-exid3,1341,1202
1208,symcc-0-exid3,1341,1203
1209,symcc-0-exid3,1341,1204
1210,symcc-0-exid3,1341,1205
1211,symcc-0-exid3,1341,1206
1212,symcc-0-exid3,1341,1207
1213,symcc-0-exid3,1341,1208
1214,symcc-0-exid3,1341,1209
1215,symcc-0-exid3,1341,1210
1216,symcc-0-exid3,1341,1211
1217,symcc-0-exid3,1341,1212
1218,symcc-0-exid3,1341,1213
1219,symcc-0-exid3,1341,1214
1220,symcc-0-exid3,1341,1215
1221,symcc-0-exid3,1341,1216
1222,symcc-0-exid3,1341,1217
1223,symcc-0-exid3,1341,1218
1224,symcc-0-exid3,1341,1219
1225,symcc-0-exid3,1341,1220
1226,symcc-0-exid3,1341,1221
1227,symcc-0-exid3,1341,1222
1228,symcc-0-exid3,1341,1223
1229,symcc-0-exid3,1341,1224
1230,symcc-0-exid3,1341,1225
1231,symcc-0-exid3,1341,1226
1232,symcc-0-exid3,1341,1227
1233,symcc-0-exid3,1341,1228
1234,symcc-0-exid3,1341,1229
1235,symcc-0-exid3,1341,1230
1236,symcc-0-exid3,1341,1231
1237,symcc-0-exid3,1341,1232
1238,symcc-0-exid3,1341,1233
1239,symcc-0-exid3,1341,1234
1240,symcc-0-exid3,1341,1235
1241,symcc-0-exid3,1341,1236
1242,symcc-0-exid3,1341,1237
1243,symcc-0-exid3,1341,1238
1244,symcc-0-exid3,1341,1239
1245,symcc-0-exid3,1342,1240
1246,symcc-0-exid3,1342,1241
1247,symcc-0-exid3,1342,1242
1248,symcc-0-exid3,1342,1243
1249,symcc-0-exid3,1342,1244
1250,symcc-0-exid3,1342,1245
1251,symcc-0-exid3,1342,1246
1252,symcc-0-exid3,1342,1247
1253,symcc-0-exid3,1342,1248
1254,symcc-0-exid3,1342,1249
1255,symcc-0-exid3,1342,1250
1256,symcc-0-exid3,1342,1251
1257,symcc-0-exid3,1342,1252
1258,symcc-0-exid3,1342,1253
1259,symcc-0-exid3,1342,1254
1260,symcc-0-exid3,1342,1255
1261,symcc-0-exid3,1342,1256
1262,symcc-0-exid3,1342,1257
1263,symcc-0-exid3,1342,1258
1264,symcc-0-exid3,1342,1259
1265,symcc-0-exid3,1342,1260
1266,symcc-0-exid3,1342,1261
1267,symcc-0-exid3,1342,1262
1268,symcc-0-exid3,1342,1263
1269,symcc-0-exid3,1342,1264
1270,symcc-0-exid3,1342,1265
1271,symcc-0-exid3,1342,1266
1272,symcc-0-exid3,1342,1267
1273,symcc-0-exid3,1342,1268
1274,symcc-0-exid3,1342,1269
1275,symcc-0-exid3,1342,1270
1276,symcc-0-exid3,1342,1271
1277,symcc-0-exid3,1342,1272
1278,symcc-0-exid3,1342,1273
1279,symcc-0-exid3,1342,1274
1280,symcc-0-exid3,1342,1275
1281,symcc-0-exid3,1342,1276
1282,symcc-0-exid3,1342,1277
1283,symcc-0-exid3,1342,1278
1284,symcc-0-exid3,1342,1279
1285,symcc-0-exid3,1342,1280
1286,symcc-0-exid3,1342,1281
1287,symcc-0-exid3,1342,1282
1288,symcc-0-exid3,1342,1283
1289,symcc-0-exid3,1343,1284
1290,symcc-0-exid3,1343,1285
1291,symcc-0-exid3,1343,1286
1292,symcc-0-exid3,1343,1287
1293,symcc-0-exid3,1343,1288
1294,symcc-0-exid3,1343,1289
1295,symcc-0-exid3,1343,1290
1296,symcc-0-exid3,1343,1291
1297,symcc-0-exid3,1343,1292
1298,symcc-0-exid3,1343,1293
1299,symcc-0-exid3,1344,1294
1300,symcc-0-exid3,1344,1295
1301,symcc-0-exid3,1344,1296
1302,symcc-0-exid3,1344,1297
1303,symcc-0-exid3,1344,1298
1304,symcc-0-exid3,1344,1299
1305,symcc-0-exid3,1344,1300
1306,symcc-0-exid3,1344,1301
1307,symcc-0-exid3,1344,1302
1308,symcc-0-exid3,1344,1303
1309,symcc-0-exid3,1344,1304
1310,symcc-0-exid3,1344,1305
1311,symcc-0-exid3,1345,1306
1312,symcc-0-exid3,1345,1307
1313,symcc-0-exid3,1345,1308
1314,symcc-0-exid3,1345,1309
1315,symcc-0-exid3,1345,1310
1316,symcc-0-exid3,1345,1311
1317,symcc-0-exid3,1345,1312
1318,symcc-0-exid3,1345,1313
1319,symcc-0-exid3,1345,1314
1320,symcc-0-exid3,1345,1315
1321,symcc-0-exid3,1345,1316
1322,symcc-0-exid3,1345,1317
1323,symcc-0-exid3,1345,1318
1324,symcc-0-exid3,1345,1319
1325,symcc-0-exid3,1345,1320
1326,symcc-0-exid3,1345,1321
1327,symcc-0-exid3,1345,1322
1328,symcc-0-exid3,1345,1323
1329,symcc-0-exid3,1346,1324
1330,symcc-0-exid3,1346,1325
1331,symcc-0-exid3,1346,1326
1332,symcc-0-exid3,1346,1327
1333,symcc-0-exid3,1346,1328
1334,symcc-0-exid3,1346,1329
1335,symcc-0-exid3,1346,1330
1336,symcc-0-exid3,1346,1331
1337,symcc-0-exid3,1346,1332
1338,symcc-0-exid3,1346,1333
1339,symcc-0-exid3,1348,1334
1340,symcc-0-exid3,1351,1335
1341,symcc-0-exid3,1351,1336
1342,symcc-0-exid3,1351,1337
1343,symcc-0-exid3,1351,1338
1344,symcc-0-exid3,1352,1339
1345,symcc-0-exid3,1352,1340
1346,symcc-0-exid3,1352,1341
1347,symcc-0-exid3,1352,1342
1348,symcc-0-exid3,1352,1343
1349,symcc-0-exid3,1352,1344
1350,symcc-0-exid3,1352,1345
1351,symcc-0-exid3,1352,1346
1352,symcc-0-exid3,1352,1347
1353,symcc-0-exid3,1352,1348
1354,symcc-0-exid3,1353,1349
1355,symcc-0-exid3,1353,1350
1356,symcc-0-exid3,1353,1351
1357,symcc-0-exid3,1353,1352
1358,symcc-0-exid3,1353,1353
1359,symcc-0-exid3,1353,1354
1360,symcc-0-exid3,1353,1355
1361,symcc-0-exid3,1353,1356
1362,symcc-0-exid3,1353,1357
1363,symcc-0-exid3,1353,1358
1364,symcc-0-exid3,1353,1359
1365,symcc-0-exid3,1353,1360
1366,symcc-0-exid3,1353,1361
1367,symcc-0-exid3,1353,1362
1368,symcc-0-exid3,1353,1363
1369,symcc-0-exid3,1353,1364
1370,symcc-0-exid3,1353,1365
1371,symcc-0-exid3,1353,1366
1372,symcc-0-exid3,1353,1367
1373,symcc-0-exid3,1355,1368
1374,symcc-0-exid3,1356,1369
1375,symcc-0-exid3,1356,1370
1376,symcc-0-exid3,1357,1371
1377,symcc-0-exid3,1357,1372
1378,symcc-0-exid3,1358,1373
1379,symcc-0-exid3,1358,1374
1380,symcc-0-exid3,1358,1375
1381,symcc-0-exid3,1358,1376
1382,symcc-0-exid3,1358,1377
1383,symcc-0-exid3,1358,1378
1384,symcc-0-exid3,1358,1379
1385,symcc-0-exid3,1358,1380
1386,symcc-0-exid3,1358,1381
1387,symcc-0-exid3,1358,1382
1388,symcc-0-exid3,1358,1383
1389,symcc-0-exid3,1358,1384
1390,symcc-0-exid3,1358,1385
1391,symcc-0-exid3,1358,1386
1392,symcc-0-exid3,1358,1387
1393,symcc-0-exid3,1358,1388
1394,symcc-0-exid3,1358,1389
1395,symcc-0-exid3,1358,1390
1396,symcc-0-exid3,1358,1391
1397,symcc-0-exid3,1358,1392
1398,symcc-0-exid3,1358,1393
1399,symcc-0-exid3,1358,1394
1400,symcc-0-exid3,1358,1395
1401,symcc-0-exid3,1358,1396
1402,symcc-0-exid3,1358,1397
1403,symcc-0-exid3,1358,1398
1404,symcc-0-exid3,1359,1399
1405,symcc-0-exid3,1360,1400
1406,symcc-0-exid3,1361,1401
1407,symcc-0-exid3,1361,1402
1408,symcc-0-exid3,1362,1403
1409,symcc-0-exid3,1362,1404
1410,symcc-0-exid3,1362,1405
1411,symcc-0-exid3,1362,1406
1412,symcc-0-exid3,1362,1407
1413,symcc-0-exid3,1362,1408
1414,symcc-0-exid3,1362,1409
1415,symcc-0-exid3,1362,1410
1416,symcc-0-exid3,1363,1411
1417,symcc-0-exid3,1364,1412
1418,symcc-0-exid3,1364,1413
1419,symcc-0-exid3,1364,1414
1420,symcc-0-exid3,1364,1415
1421,symcc-0-exid3,1364,1416
1422,symcc-0-exid3,1364,1417
1423,symcc-0-exid3,1364,1418
1424,symcc-0-exid3,1364,1419
1425,symcc-0-exid3,1364,1420
1426,symcc-0-exid3,1364,1421
1427,symcc-0-exid3,1364,1422
1428,symcc-0-exid3,1364,1423
1429,symcc-0-exid3,1364,1424
1430,symcc-0-exid3,1364,1425
1431,symcc-0-exid3,1364,1426
1432,symcc-0-exid3,1364,1427
1433,symcc-0-exid3,1364,1428
1434,symcc-0-exid3,1364,1429
1435,symcc-0-exid3,1364,1430
1436,symcc-0-exid3,1364,1431
1437,symcc-0-exid3,1364,1432
1438,symcc-0-exid3,1364,1433
1439,symcc-0-exid3,1364,1434
1440,symcc-0-exid3,1364,1435
1441,symcc-0-exid3,1364,1436
1442,symcc-0-exid3,1364,1437
1443,symcc-0-exid3,1364,1438
1444,symcc-0-exid3,1364,1439
1445,fairfuzz-0-exid3,54,0
1446,fairfuzz-0-exid3,117,1
1447,fairfuzz-0-exid3,146,2
1448,fairfuzz-0-exid3,159,3
1449,fairfuzz-0-exid3,215,4
1450,fairfuzz-0-exid3,232,5
1451,fairfuzz-0-exid3,247,6
1452,fairfuzz-0-exid3,260,7
1453,fairfuzz-0-exid3,262,8
1454,fairfuzz-0-exid3,268,9
1455,fairfuzz-0-exid3,274,10
1456,fairfuzz-0-exid3,277,11
1457,fairfuzz-0-exid3,340,12
1458,fairfuzz-0-exid3,349,13
1459,fairfuzz-0-exid3,377,14
1460,fairfuzz-0-exid3,377,15
1461,fairfuzz-0-exid3,377,16
1462,fairfuzz-0-exid3,377,17
1463,fairfuzz-0-exid3,383,18
1464,fairfuzz-0-exid3,420,19
1465,fairfuzz-0-exid3,437,20
1466,fairfuzz-0-exid3,440,21
1467,fairfuzz-0-exid3,462,22
1468,fairfuzz-0-exid3,484,23
1469,fairfuzz-0-exid3,502,24
1470,fairfuzz-0-exid3,505,25
1471,fairfuzz-0-exid3,515,26
1472,fairfuzz-0-exid3,534,27
1473,fairfuzz-0-exid3,550,28
1474,fairfuzz-0-exid3,573,29
1475,fairfuzz-0-exid3,586,30
1476,fairfuzz-0-exid3,603,31
1477,fairfuzz-0-exid3,615,32
1478,fairfuzz-0-exid3,621,33
1479,fairfuzz-0-exid3,633,34
1480,fairfuzz-0-exid3,647,35
1481,fairfuzz-0-exid3,651,36
1482,fairfuzz-0-exid3,654,37
1483,fairfuzz-0-exid3,673,38
1484,fairfuzz-0-exid3,682,39
1485,fairfuzz-0-exid3,695,40
1486,fairfuzz-0-exid3,697,41
1487,fairfuzz-0-exid3,712,42
1488,fairfuzz-0-exid3,719,43
1489,fairfuzz-0-exid3,724,44
1490,fairfuzz-0-exid3,735,45
1491,fairfuzz-0-exid3,740,46
1492,fairfuzz-0-exid3,756,47
1493,fairfuzz-0-exid3,772,48
1494,fairfuzz-0-exid3,776,49
1495,fairfuzz-0-exid3,796,50
1496,fairfuzz-0-exid3,805,51
1497,fairfuzz-0-exid3,809,52
1498,fairfuzz-0-exid3,822,53
1499,fairfuzz-0-exid3,826,54
1500,fairfuzz-0-exid3,837,55
1501,fairfuzz-0-exid3,849,56
1502,fairfuzz-0-exid3,853,57
1503,fairfuzz-0-exid3,860,58
1504,fairfuzz-0-exid3,864,59
1505,fairfuzz-0-exid3,866,60
1506,fairfuzz-0-exid3,871,61
1507,fairfuzz-0-exid3,880,62
1508,fairfuzz-0-exid3,891,63
1509,fairfuzz-0-exid3,894,64
1510,fairfuzz-0-exid3,898,65
1511,fairfuzz-0-exid3,923,66
1512,fairfuzz-0-exid3,929,67
1513,fairfuzz-0-exid3,937,68
1514,fairfuzz-0-exid3,942,69
1515,fairfuzz-0-exid3,944,70
1516,fairfuzz-0-exid3,944,71
1517,fairfuzz-0-exid3,946,72
1518,fairfuzz-0-exid3,951,73
1519,fairfuzz-0-exid3,956,74
1520,fairfuzz-0-exid3,956,75
1521,fairfuzz-0-exid3,963,76
1522,fairfuzz-0-exid3,966,77
1523,fairfuzz-0-exid3,968,78
1524,fairfuzz-0-exid3,974,79
1525,fairfuzz-0-exid3,975,80
1526,fairfuzz-0-exid3,976,81
1527,fairfuzz-0-exid3,979,82
1528,fairfuzz-0-exid3,986,83
1529,fairfuzz-0-exid3,993,84
1530,fairfuzz-0-exid3,993,85
1531,fairfuzz-0-exid3,995,86
1532,fairfuzz-0-exid3,997,87
1533,fairfuzz-0-exid3,1003,88
1534,fairfuzz-0-exid3,1015,89
1535,fairfuzz-0-exid3,1020,90
1536,fairfuzz-0-exid3,1027,91
1537,fairfuzz-0-exid3,1029,92
1538,fairfuzz-0-exid3,1029,93
1539,fairfuzz-0-exid3,1030,94
1540,fairfuzz-0-exid3,1036,95
1541,fairfuzz-0-exid3,1047,96
1542,fairfuzz-0-exid3,1049,97
1543,fairfuzz-0-exid3,1054,98
1544,fairfuzz-0-exid3,1054,99
1545,fairfuzz-0-exid3,1055,100
1546,fairfuzz-0-exid3,1059,101
1547,fairfuzz-0-exid3,1061,102
1548,fairfuzz-0-exid3,1067,103
1549,fairfuzz-0-exid3,1069,104
1550,fairfuzz-0-exid3,1069,105
1551,fairfuzz-0-exid3,1073,106
1552,fairfuzz-0-exid3,1073,107
1553,fairfuzz-0-exid3,1079,108
1554,fairfuzz-0-exid3,1082,109
1555,fairfuzz-0-exid3,1086,110
1556,fairfuzz-0-exid3,1088,111
1557,fairfuzz-0-exid3,1091,112
1558,fairfuzz-0-exid3,1092,113
1559,fairfuzz-0-exid3,1094,114
1560,fairfuzz-0-exid3,1096,115
1561,fairfuzz-0-exid3,1097,116
1562,fairfuzz-0-exid3,1097,117
1563,fairfuzz-0-exid3,1097,118
1564,fairfuzz-0-exid3,1107,119
1565,fairfuzz-0-exid3,1108,120
1566,fairfuzz-0-exid3,1108,121
1567,fairfuzz-0-exid3,1108,122
1568,fairfuzz-0-exid3,1113,123
1569,fairfuzz-0-exid3,1114,124
1570,fairfuzz-0-exid3,1114,125
1571,fairfuzz-0-exid3,1114,126
1572,fairfuzz-0-exid3,1115,127
1573,fairfuzz-0-exid3,1116,128
1574,fairfuzz-0-exid3,1116,129
1575,fairfuzz-0-exid3,1118,130
1576,fairfuzz-0-exid3,1119,131
1577,fairfuzz-0-exid3,1123,132
1578,fairfuzz-0-exid3,1126,133
1579,fairfuzz-0-exid3,1134,134
1580,fairfuzz-0-exid3,1137,135
1581,fairfuzz-0-exid3,1138,136
1582,fairfuzz-0-exid3,1143,137
1583,fairfuzz-0-exid3,1146,138
1584,fairfuzz-0-exid3,1146,139
1585,fairfuzz-0-exid3,1146,140
1586,fairfuzz-0-exid3,1146,141
1587,fairfuzz-0-exid3,1148,142
1588,fairfuzz-0-exid3,1154,143
1589,fairfuzz-0-exid3,1154,144
1590,fairfuzz-0-exid3,1155,145
1591,fairfuzz-0-exid3,1160,146
1592,fairfuzz-0-exid3,1165,147
1593,fairfuzz-0-exid3,1166,148
1594,fairfuzz-0-exid3,1170,149
1595,fairfuzz-0-exid3,1174,150
1596,fairfuzz-0-exid3,1175,151
1597,fairfuzz-0-exid3,1179,152
1598,fairfuzz-0-exid3,1180,153
1599,fairfuzz-0-exid3,1180,154
1600,fairfuzz-0-exid3,1182,155
1601,fairfuzz-0-exid3,1182,156
1602,fairfuzz-0-exid3,1200,157
1603,fairfuzz-0-exid3,1202,158
1604,fairfuzz-0-exid3,1206,159
1605,fairfuzz-0-exid3,1206,160
1606,fairfuzz-0-exid3,1207,161
1607,fairfuzz-0-exid3,1207,162
1608,fairfuzz-0-exid3,1211,163
1609,fairfuzz-0-exid3,1213,164
1610,fairfuzz-0-exid3,1214,165
1611,fairfuzz-0-exid3,1214,166
1612,fairfuzz-0-exid3,1215,167
1613,fairfuzz-0-exid3,1215,168
1614,fairfuzz-0-exid3,1216,169
1615,fairfuzz-0-exid3,1216,170
1616,fairfuzz-0-exid3,1217,171
1617,fairfuzz-0-exid3,1218,172
1618,fairfuzz-0-exid3,1218,173
1619,fairfuzz-0-exid3,1218,174
1620,fairfuzz-0-exid3,1218,175
1621,fairfuzz-0-exid3,1218,176
1622,fairfuzz-0-exid3,1218,177
1623,fairfuzz-0-exid3,1218,178
1624,fairfuzz-0-exid3,1223,179
1625,fairfuzz-0-exid3,1223,180
1626,fairfuzz-0-exid3,1227,181
1627,fairfuzz-0-exid3,1230,182
1628,fairfuzz-0-exid3,1240,183
1629,fairfuzz-0-exid3,1245,184
1630,fairfuzz-0-exid3,1247,185
1631,fairfuzz-0-exid3,1247,186
1632,fairfuzz-0-exid3,1247,187
1633,fairfuzz-0-exid3,1248,188
1634,fairfuzz-0-exid3,1250,189
1635,fairfuzz-0-exid3,1251,190
1636,fairfuzz-0-exid3,1251,191
1637,fairfuzz-0-exid3,1253,192
1638,fairfuzz-0-exid3,1254,193
1639,fairfuzz-0-exid3,1255,194
1640,fairfuzz-0-exid3,1255,195
1641,fairfuzz-0-exid3,1256,196
1642,fairfuzz-0-exid3,1256,197
1643,fairfuzz-0-exid3,1257,198
1644,fairfuzz-0-exid3,1258,199
1645,fairfuzz-0-exid3,1260,200
1646,fairfuzz-0-exid3,1262,201
1647,fairfuzz-0-exid3,1262,202
1648,fairfuzz-0-exid3,1262,203
1649,fairfuzz-0-exid3,1263,204
1650,fairfuzz-0-exid3,1264,205
1651,fairfuzz-0-exid3,1265,206
1652,fairfuzz-0-exid3,1268,207
1653,fairfuzz-0-exid3,1268,208
1654,fairfuzz-0-exid3,1268,209
1655,fairfuzz-0-exid3,1270,210
1656,fairfuzz-0-exid3,1272,211
1657,fairfuzz-0-exid3,1272,212
1658,fairfuzz-0-exid3,1272,213
1659,fairfuzz-0-exid3,1272,214
1660,fairfuzz-0-exid3,1273,215
1661,fairfuzz-0-exid3,1274,216
1662,fairfuzz-0-exid3,1277,217
1663,fairfuzz-0-exid3,1280,218
1664,fairfuzz-0-exid3,1280,219
1665,fairfuzz-0-exid3,1280,220
1666,fairfuzz-0-exid3,1280,221
1667,fairfuzz-0-exid3,1281,222
1668,fairfuzz-0-exid3,1284,223
1669,fairfuzz-0-exid3,1284,224
1670,fairfuzz-0-exid3,1287,225
1671,fairfuzz-0-exid3,1289,226
1672,fairfuzz-0-exid3,1289,227
1673,fairfuzz-0-exid3,1289,228
1674,fairfuzz-0-exid3,1289,229
1675,fairfuzz-0-exid3,1289,230
1676,fairfuzz-0-exid3,1289,231
1677,fairfuzz-0-exid3,1289,232
1678,fairfuzz-0-exid3,1289,233
1679,fairfuzz-0-exid3,1289,234
1680,fairfuzz-0-exid3,1290,235
1681,fairfuzz-0-exid3,1290,236
1682,fairfuzz-0-exid3,1290,237
1683,fairfuzz-0-exid3,1290,238
1684,fairfuzz-0-exid3,1290,239
1685,fairfuzz-0-exid3,1290,240
1686,fairfuzz-0-exid3,1290,241
1687,fairfuzz-0-exid3,1290,242
1688,fairfuzz-0-exid3,1290,243
1689,fairfuzz-0-exid3,1290,244
1690,fairfuzz-0-exid3,1290,245
1691,fairfuzz-0-exid3,1290,246
1692,fairfuzz-0-exid3,1291,247
1693,fairfuzz-0-exid3,1291,248
1694,fairfuzz-0-exid3,1291,249
1695,fairfuzz-0-exid3,1291,250
1696,fairfuzz-0-exid3,1291,251
1697,fairfuzz-0-exid3,1291,252
1698,fairfuzz-0-exid3,1291,253
1699,fairfuzz-0-exid3,1291,254
1700,fairfuzz-0-exid3,1291,255
1701,fairfuzz-0-exid3,1291,256
1702,fairfuzz-0-exid3,1291,257
1703,fairfuzz-0-exid3,1291,258
1704,fairfuzz-0-exid3,1291,259
1705,fairfuzz-0-exid3,1291,260
1706,fairfuzz-0-exid3,1291,261
1707,fairfuzz-0-exid3,1291,262
1708,fairfuzz-0-exid3,1291,263
1709,fairfuzz-0-exid3,1293,264
1710,fairfuzz-0-exid3,1295,265
1711,fairfuzz-0-exid3,1295,266
1712,fairfuzz-0-exid3,1296,267
1713,fairfuzz-0-exid3,1296,268
1714,fairfuzz-0-exid3,1296,269
1715,fairfuzz-0-exid3,1296,270
1716,fairfuzz-0-exid3,1296,271
1717,fairfuzz-0-exid3,1296,272
1718,fairfuzz-0-exid3,1296,273
1719,fairfuzz-0-exid3,1296,274
1720,fairfuzz-0-exid3,1296,275
1721,fairfuzz-0-exid3,1297,276
1722,fairfuzz-0-exid3,1297,277
1723,fairfuzz-0-exid3,1297,278
1724,fairfuzz-0-exid3,1297,279
1725,fairfuzz-0-exid3,1297,280
1726,fairfuzz-0-exid3,1297,281
1727,fairfuzz-0-exid3,1297,282
1728,fairfuzz-0-exid3,1297,283
1729,fairfuzz-0-exid3,1298,284
1730,fairfuzz-0-exid3,1302,285
1731,fairfuzz-0-exid3,1305,286
1732,fairfuzz-0-exid3,1305,287
1733,fairfuzz-0-exid3,1305,288
1734,fairfuzz-0-exid3,1305,289
1735,fairfuzz-0-exid3,1308,290
1736,fairfuzz-0-exid3,1311,291
1737,fairfuzz-0-exid3,1311,292
1738,fairfuzz-0-exid3,1311,293
1739,fairfuzz-0-exid3,1311,294
1740,fairfuzz-0-exid3,1311,295
1741,fairfuzz-0-exid3,1311,296
1742,fairfuzz-0-exid3,1311,297
1743,fairfuzz-0-exid3,1311,298
1744,fairfuzz-0-exid3,1313,299
1745,fairfuzz-0-exid3,1313,300
1746,fairfuzz-0-exid3,1313,301
1747,fairfuzz-0-exid3,1313,302
1748,fairfuzz-0-exid3,1313,303
1749,fairfuzz-0-exid3,1313,304
1750,fairfuzz-0-exid3,1313,305
1751,fairfuzz-0-exid3,1313,306
1752,fairfuzz-0-exid3,1313,307
1753,fairfuzz-0-exid3,1313,308
1754,fairfuzz-0-exid3,1313,309
1755,fairfuzz-0-exid3,1315,310
1756,fairfuzz-0-exid3,1315,311
1757,fairfuzz-0-exid3,1316,312
1758,fairfuzz-0-exid3,1316,313
1759,fairfuzz-0-exid3,1316,314
1760,fairfuzz-0-exid3,1318,315
1761,fairfuzz-0-exid3,1319,316
1762,fairfuzz-0-exid3,1320,317
1763,fairfuzz-0-exid3,1320,318
1764,fairfuzz-0-exid3,1320,319
1765,fairfuzz-0-exid3,1321,320
1766,fairfuzz-0-exid3,1323,321
1767,fairfuzz-0-exid3,1324,322
1768,fairfuzz-0-exid3,1324,323
1769,fairfuzz-0-exid3,1324,324
1770,fairfuzz-0-exid3,1324,325
1771,fairfuzz-0-exid3,1324,326
1772,fairfuzz-0-exid3,1324,327
1773,fairfuzz-0-exid3,1330,328
1774,fairfuzz-0-exid3,1330,329
1775,fairfuzz-0-exid3,1345,330
1776,fairfuzz-0-exid3,1346,331
1777,fairfuzz-0-exid3,1354,332
1778,fairfuzz-0-exid3,1354,333
1779,fairfuzz-0-exid3,1359,334
1780,fairfuzz-0-exid3,1370,335
1781,fairfuzz-0-exid3,1380,336
1782,fairfuzz-0-exid3,1396,337
1783,fairfuzz-0-exid3,1399,338
1784,fairfuzz-0-exid3,1401,339
1785,fairfuzz-0-exid3,1409,340
1786,fairfuzz-0-exid3,1409,341
1787,fairfuzz-0-exid3,1411,342
1788,fairfuzz-0-exid3,1416,343
1789,fairfuzz-0-exid3,1418,344
1790,fairfuzz-0-exid3,1421,345
1791,fairfuzz-0-exid3,1421,346
1792,fairfuzz-0-exid3,1421,347
1793,fairfuzz-0-exid3,1421,348
1794,fairfuzz-0-exid3,1421,349
1795,fairfuzz-0-exid3,1428,350
1796,fairfuzz-0-exid3,1428,351
1797,fairfuzz-0-exid3,1431,352
1798,fairfuzz-0-exid3,1432,353
1799,fairfuzz-0-exid3,1433,354
1800,fairfuzz-0-exid3,1433,355
1801,fairfuzz-0-exid3,1433,356
1802,fairfuzz-0-exid3,1433,357
1803,fairfuzz-0-exid3,1433,358
1804,fairfuzz-0-exid3,1433,359
1805,fairfuzz-0-exid3,1436,360
1806,fairfuzz-0-exid3,1436,361
1807,fairfuzz-0-exid3,1436,362
1808,fairfuzz-0-exid3,1436,363
1809,fairfuzz-0-exid3,1436,364
1810,fairfuzz-0-exid3,1436,365
1811,fairfuzz-0-exid3,1436,366
1812,fairfuzz-0-exid3,1437,367
1813,fairfuzz-0-exid3,1438,368
1814,fairfuzz-0-exid3,1439,369
1815,fairfuzz-0-exid3,1439,370
1816,fairfuzz-0-exid3,1439,371
1817,fairfuzz-0-exid3,1440,372
1818,fairfuzz-0-exid3,1443,373
1819,fairfuzz-0-exid3,1444,374
1820,fairfuzz-0-exid3,1445,375
1821,fairfuzz-0-exid3,1448,376
1822,fairfuzz-0-exid3,1448,377
1823,fairfuzz-0-exid3,1449,378
1824,fairfuzz-0-exid3,1450,379
1825,fairfuzz-0-exid3,1450,380
1826,fairfuzz-0-exid3,1450,381
1827,fairfuzz-0-exid3,1450,382
1828,fairfuzz-0-exid3,1450,383
1829,fairfuzz-0-exid3,1450,384
1830,fairfuzz-0-exid3,1467,385
1831,fairfuzz-0-exid3,1470,386
1832,fairfuzz-0-exid3,1472,387
1833,fairfuzz-0-exid3,1473,388
1834,fairfuzz-0-exid3,1474,389
1835,fairfuzz-0-exid3,1474,390
1836,fairfuzz-0-exid3,1474,391
1837,fairfuzz-0-exid3,1476,392
1838,fairfuzz-0-exid3,1476,393
1839,fairfuzz-0-exid3,1476,394
1840,fairfuzz-0-exid3,1478,395
1841,fairfuzz-0-exid3,1479,396
1842,fairfuzz-0-exid3,1484,397
1843,fairfuzz-0-exid3,1484,398
1844,fairfuzz-0-exid3,1484,399
1845,fairfuzz-0-exid3,1487,400
1846,fairfuzz-0-exid3,1488,401
1847,fairfuzz-0-exid3,1488,402
1848,fairfuzz-0-exid3,1488,403
1849,fairfuzz-0-exid3,1488,404
1850,fairfuzz-0-exid3,1491,405
1851,fairfuzz-0-exid3,1491,406
1852,fairfuzz-0-exid3,1493,407
1853,fairfuzz-0-exid3,1493,408
1854,fairfuzz-0-exid3,1493,409
1855,fairfuzz-0-exid3,1493,410
1856,fairfuzz-0-exid3,1493,411
1857,fairfuzz-0-exid3,1493,412
1858,fairfuzz-0-exid3,1493,413
1859,fairfuzz-0-exid3,1493,414
1860,fairfuzz-0-exid3,1494,415
1861,fairfuzz-0-exid3,1494,416
1862,fairfuzz-0-exid3,1494,417
1863,fairfuzz-0-exid3,1495,418
1864,fairfuzz-0-exid3,1498,419
1865,fairfuzz-0-exid3,1498,420
1866,fairfuzz-0-exid3,1498,421
1867,fairfuzz-0-exid3,1498,422
1868,fairfuzz-0-exid3,1499,423
1869,fairfuzz-0-exid3,1499,424
1870,fairfuzz-0-exid3,1499,425
1871,fairfuzz-0-exid3,1499,426
1872,fairfuzz-0-exid3,1499,427
1873,fairfuzz-0-exid3,1499,428
1874,fairfuzz-0-exid3,1499,429
1875,fairfuzz-0-exid3,1499,430
1876,fairfuzz-0-exid3,1499,431
1877,fairfuzz-0-exid3,1499,432
1878,fairfuzz-0-exid3,1499,433
1879,fairfuzz-0-exid3,1504,434
1880,fairfuzz-0-exid3,1504,435
1881,fairfuzz-0-exid3,1504,436
1882,fairfuzz-0-exid3,1504,437
1883,fairfuzz-0-exid3,1504,438
1884,fairfuzz-0-exid3,1504,439
1885,fairfuzz-0-exid3,1504,440
1886,fairfuzz-0-exid3,1504,441
1887,fairfuzz-0-exid3,1506,442
1888,fairfuzz-0-exid3,1506,443
1889,fairfuzz-0-exid3,1506,444
1890,fairfuzz-0-exid3,1507,445
1891,fairfuzz-0-exid3,1507,446
1892,fairfuzz-0-exid3,1507,447
1893,fairfuzz-0-exid3,1507,448
1894,fairfuzz-0-exid3,1509,449
1895,fairfuzz-0-exid3,1510,450
1896,fairfuzz-0-exid3,1510,451
1897,fairfuzz-0-exid3,1510,452
1898,fairfuzz-0-exid3,1510,453
1899,fairfuzz-0-exid3,1510,454
1900,fairfuzz-0-exid3,1510,455
1901,fairfuzz-0-exid3,1510,456
1902,fairfuzz-0-exid3,1510,457
1903,fairfuzz-0-exid3,1510,458
1904,fairfuzz-0-exid3,1511,459
1905,fairfuzz-0-exid3,1511,460
1906,fairfuzz-0-exid3,1511,461
1907,fairfuzz-0-exid3,1511,462
1908,fairfuzz-0-exid3,1511,463
1909,fairfuzz-0-exid3,1511,464
1910,fairfuzz-0-exid3,1511,465
1911,fairfuzz-0-exid3,1513,466
1912,fairfuzz-0-exid3,1513,467
1913,fairfuzz-0-exid3,1513,468
1914,fairfuzz-0-exid3,1513,469
1915,fairfuzz-0-exid3,1513,470
1916,fairfuzz-0-exid3,1513,471
1917,fairfuzz-0-exid3,1513,472
1918,fairfuzz-0-exid3,1513,473
1919,fairfuzz-0-exid3,1516,474
1920,fairfuzz-0-exid3,1516,475
1921,fairfuzz-0-exid3,1516,476
1922,fairfuzz-0-exid3,1516,477
1923,fairfuzz-0-exid3,1516,478
1924,fairfuzz-0-exid3,1516,479
1925,fairfuzz-0-exid3,1516,480
1926,fairfuzz-0-exid3,1516,481
1927,fairfuzz-0-exid3,1516,482
1928,fairfuzz-0-exid3,1516,483
1929,fairfuzz-0-exid3,1516,484
1930,fairfuzz-0-exid3,1518,485
1931,fairfuzz-0-exid3,1520,486
1932,fairfuzz-0-exid3,1520,487
1933,fairfuzz-0-exid3,1520,488
1934,fairfuzz-0-exid3,1520,489
1935,fairfuzz-0-exid3,1520,490
1936,fairfuzz-0-exid3,1521,491
1937,fairfuzz-0-exid3,1521,492
1938,fairfuzz-0-exid3,1521,493
1939,fairfuzz-0-exid3,1525,494
1940,fairfuzz-0-exid3,1525,495
1941,fairfuzz-0-exid3,1525,496
1942,fairfuzz-0-exid3,1525,497
1943,fairfuzz-0-exid3,1528,498
1944,fairfuzz-0-exid3,1529,499
1945,fairfuzz-0-exid3,1531,500
1946,fairfuzz-0-exid3,1533,501
1947,fairfuzz-0-exid3,1533,502
1948,fairfuzz-0-exid3,1534,503
1949,fairfuzz-0-exid3,1534,504
1950,fairfuzz-0-exid3,1534,505
1951,fairfuzz-0-exid3,1534,506
1952,fairfuzz-0-exid3,1535,507
1953,fairfuzz-0-exid3,1535,508
1954,fairfuzz-0-exid3,1535,509
1955,fairfuzz-0-exid3,1535,510
1956,fairfuzz-0-exid3,1535,511
1957,fairfuzz-0-exid3,1537,512
1958,fairfuzz-0-exid3,1539,513
1959,fairfuzz-0-exid3,1539,514
1960,fairfuzz-0-exid3,1539,515
1961,fairfuzz-0-exid3,1539,516
1962,fairfuzz-0-exid3,1539,517
1963,fairfuzz-0-exid3,1539,518
1964,fairfuzz-0-exid3,1539,519
1965,fairfuzz-0-exid3,1540,520
1966,fairfuzz-0-exid3,1541,521
1967,fairfuzz-0-exid3,1541,522
1968,fairfuzz-0-exid3,1541,523
1969,fairfuzz-0-exid3,1541,524
1970,fairfuzz-0-exid3,1542,525
1971,fairfuzz-0-exid3,1543,526
1972,fairfuzz-0-exid3,1543,527
1973,fairfuzz-0-exid3,1543,528
1974,fairfuzz-0-exid3,1543,529
1975,fairfuzz-0-exid3,1543,530
1976,fairfuzz-0-exid3,1543,531
1977,fairfuzz-0-exid3,1543,532
1978,fairfuzz-0-exid3,1543,533
1979,fairfuzz-0-exid3,1543,534
1980,fairfuzz-0-exid3,1543,535
1981,fairfuzz-0-exid3,1543,536
1982,fairfuzz-0-exid3,1543,537
1983,fairfuzz-0-exid3,1543,538
1984,fairfuzz-0-exid3,1543,539
1985,fairfuzz-0-exid3,1544,540
1986,fairfuzz-0-exid3,1544,541
1987,fairfuzz-0-exid3,1546,542
1988,fairfuzz-0-exid3,1547,543
1989,fairfuzz-0-exid3,1547,544
1990,fairfuzz-0-exid3,1547,545
1991,fairfuzz-0-exid3,1547,546
1992,fairfuzz-0-exid3,1548,547
1993,fairfuzz-0-exid3,1549,548
1994,fairfuzz-0-exid3,1550,549
1995,fairfuzz-0-exid3,1550,550
1996,fairfuzz-0-exid3,1551,551
1997,fairfuzz-0-exid3,1551,552
1998,fairfuzz-0-exid3,1551,553
1999,fairfuzz-0-exid3,1551,554
2000,fairfuzz-0-exid3,1551,555
2001,fairfuzz-0-exid3,1551,556
2002,fairfuzz-0-exid3,1552,557
2003,fairfuzz-0-exid3,1552,558
2004,fairfuzz-0-exid3,1552,559
2005,fairfuzz-0-exid3,1552,560
2006,fairfuzz-0-exid3,1553,561
2007,fairfuzz-0-exid3,1553,562
2008,fairfuzz-0-exid3,1553,563
2009,fairfuzz-0-exid3,1553,564
2010,fairfuzz-0-exid3,1553,565
2011,fairfuzz-0-exid3,1553,566
2012,fairfuzz-0-exid3,1553,567
2013,fairfuzz-0-exid3,1553,568
2014,fairfuzz-0-exid3,1553,569
2015,fairfuzz-0-exid3,1553,570
2016,fairfuzz-0-exid3,1553,571
2017,fairfuzz-0-exid3,1553,572
2018,fairfuzz-0-exid3,1553,573
2019,fairfuzz-0-exid3,1553,574
2020,fairfuzz-0-exid3,1553,575
2021,fairfuzz-0-exid3,1553,576
2022,fairfuzz-0-exid3,1553,577
2023,fairfuzz-0-exid3,1553,578
2024,fairfuzz-0-exid3,1553,579
2025,fairfuzz-0-exid3,1556,580
2026,fairfuzz-0-exid3,1556,581
2027,fairfuzz-0-exid3,1556,582
2028,fairfuzz-0-exid3,1557,583
2029,fairfuzz-0-exid3,1558,584
2030,fairfuzz-0-exid3,1559,585
2031,fairfuzz-0-exid3,1560,586
2032,fairfuzz-0-exid3,1560,587
2033,fairfuzz-0-exid3,1560,588
2034,fairfuzz-0-exid3,1560,589
2035,fairfuzz-0-exid3,1560,590
2036,fairfuzz-0-exid3,1560,591
2037,fairfuzz-0-exid3,1560,592
2038,fairfuzz-0-exid3,1560,593
2039,fairfuzz-0-exid3,1560,594
2040,fairfuzz-0-exid3,1560,595
2041,fairfuzz-0-exid3,1560,596
2042,fairfuzz-0-exid3,1560,597
2043,fairfuzz-0-exid3,1560,598
2044,fairfuzz-0-exid3,1560,599
2045,fairfuzz-0-exid3,1560,600
2046,fairfuzz-0-exid3,1560,601
2047,fairfuzz-0-exid3,1561,602
2048,fairfuzz-0-exid3,1561,603
2049,fairfuzz-0-exid3,1561,604
2050,fairfuzz-0-exid3,1561,605
2051,fairfuzz-0-exid3,1561,606
2052,fairfuzz-0-exid3,1561,607
2053,fairfuzz-0-exid3,1561,608
2054,fairfuzz-0-exid3,1561,609
2055,fairfuzz-0-exid3,1561,610
2056,fairfuzz-0-exid3,1562,611
2057,fairfuzz-0-exid3,1562,612
2058,fairfuzz-0-exid3,1562,613
2059,fairfuzz-0-exid3,1562,614
2060,fairfuzz-0-exid3,1562,615
2061,fairfuzz-0-exid3,1562,616
2062,fairfuzz-0-exid3,1562,617
2063,fairfuzz-0-exid3,1562,618
2064,fairfuzz-0-exid3,1562,619
2065,fairfuzz-0-exid3,1562,620
2066,fairfuzz-0-exid3,1562,621
2067,fairfuzz-0-exid3,1562,622
2068,fairfuzz-0-exid3,1562,623
2069,fairfuzz-0-exid3,1562,624
2070,fairfuzz-0-exid3,1562,625
2071,fairfuzz-0-exid3,1562,626
2072,fairfuzz-0-exid3,1562,627
2073,fairfuzz-0-exid3,1562,628
2074,fairfuzz-0-exid3,1562,629
2075,fairfuzz-0-exid3,1562,630
2076,fairfuzz-0-exid3,1562,631
2077,fairfuzz-0-exid3,1562,632
2078,fairfuzz-0-exid3,1562,633
2079,fairfuzz-0-exid3,1562,634
2080,fairfuzz-0-exid3,1562,635
2081,fairfuzz-0-exid3,1562,636
2082,fairfuzz-0-exid3,1562,637
2083,fairfuzz-0-exid3,1562,638
2084,fairfuzz-0-exid3,1562,639
2085,fairfuzz-0-exid3,1562,640
2086,fairfuzz-0-exid3,1562,641
2087,fairfuzz-0-exid3,1562,642
2088,fairfuzz-0-exid3,1562,643
2089,fairfuzz-0-exid3,1562,644
2090,fairfuzz-0-exid3,1562,645
2091,fairfuzz-0-exid3,1562,646
2092,fairfuzz-0-exid3,1562,647
2093,fairfuzz-0-exid3,1562,648
2094,fairfuzz-0-exid3,1562,649
2095,fairfuzz-0-exid3,1564,650
2096,fairfuzz-0-exid3,1564,651
2097,fairfuzz-0-exid3,1564,652
2098,fairfuzz-0-exid3,1565,653
2099,fairfuzz-0-exid3,1565,654
2100,fairfuzz-0-exid3,1565,655
2101,fairfuzz-0-exid3,1566,656
2102,fairfuzz-0-exid3,1566,657
2103,fairfuzz-0-exid3,1567,658
2104,fairfuzz-0-exid3,1568,659
2105,fairfuzz-0-exid3,1568,660
2106,fairfuzz-0-exid3,1568,661
2107,fairfuzz-0-exid3,1568,662
2108,fairfuzz-0-exid3,1568,663
2109,fairfuzz-0-exid3,1568,664
2110,fairfuzz-0-exid3,1568,665
2111,fairfuzz-0-exid3,1568,666
2112,fairfuzz-0-exid3,1568,667
2113,fairfuzz-0-exid3,1568,668
2114,fairfuzz-0-exid3,1568,669
2115,fairfuzz-0-exid3,1568,670
2116,fairfuzz-0-exid3,1568,671
2117,fairfuzz-0-exid3,1568,672
2118,fairfuzz-0-exid3,1568,673
2119,fairfuzz-0-exid3,1568,674
2120,fairfuzz-0-exid3,1568,675
2121,fairfuzz-0-exid3,1569,676
2122,fairfuzz-0-exid3,1569,677
2123,fairfuzz-0-exid3,1569,678
2124,fairfuzz-0-exid3,1570,679
2125,fairfuzz-0-exid3,1570,680
2126,fairfuzz-0-exid3,1570,681
2127,fairfuzz-0-exid3,1570,682
2128,fairfuzz-0-exid3,1570,683
2129,fairfuzz-0-exid3,1570,684
2130,fairfuzz-0-exid3,1570,685
2131,fairfuzz-0-exid3,1571,686
2132,fairfuzz-0-exid3,1571,687
2133,fairfuzz-0-exid3,1571,688
2134,fairfuzz-0-exid3,1571,689
2135,fairfuzz-0-exid3,1575,690
2136,fairfuzz-0-exid3,1576,691
2137,fairfuzz-0-exid3,1576,692
2138,fairfuzz-0-exid3,1576,693
2139,fairfuzz-0-exid3,1576,694
2140,fairfuzz-0-exid3,1576,695
2141,fairfuzz-0-exid3,1576,696
2142,fairfuzz-0-exid3,1576,697
2143,fairfuzz-0-exid3,1576,698
2144,fairfuzz-0-exid3,1576,699
2145,fairfuzz-0-exid3,1576,700
2146,fairfuzz-0-exid3,1576,701
2147,fairfuzz-0-exid3,1576,702
2148,fairfuzz-0-exid3,1576,703
2149,fairfuzz-0-exid3,1576,704
2150,fairfuzz-0-exid3,1576,705
2151,fairfuzz-0-exid3,1576,706
2152,fairfuzz-0-exid3,1576,707
2153,fairfuzz-0-exid3,1577,708
2154,fairfuzz-0-exid3,1577,709
2155,fairfuzz-0-exid3,1577,710
2156,fairfuzz-0-exid3,1577,711
2157,fairfuzz-0-exid3,1577,712
2158,fairfuzz-0-exid3,1577,713
2159,fairfuzz-0-exid3,1577,714
2160,fairfuzz-0-exid3,1578,715
2161,fairfuzz-0-exid3,1578,716
2162,fairfuzz-0-exid3,1578,717
2163,fairfuzz-0-exid3,1578,718
2164,fairfuzz-0-exid3,1578,719
2165,fairfuzz-0-exid3,1578,720
2166,fairfuzz-0-exid3,1578,721
2167,fairfuzz-0-exid3,1578,722
2168,fairfuzz-0-exid3,1578,723
2169,fairfuzz-0-exid3,1578,724
2170,fairfuzz-0-exid3,1578,725
2171,fairfuzz-0-exid3,1578,726
2172,fairfuzz-0-exid3,1578,727
2173,fairfuzz-0-exid3,1579,728
2174,fairfuzz-0-exid3,1579,729
2175,fairfuzz-0-exid3,1579,730
2176,fairfuzz-0-exid3,1579,731
2177,fairfuzz-0-exid3,1579,732
2178,fairfuzz-0-exid3,1579,733
2179,fairfuzz-0-exid3,1579,734
2180,fairfuzz-0-exid3,1582,735
2181,fairfuzz-0-exid3,1582,736
2182,fairfuzz-0-exid3,1583,737
2183,fairfuzz-0-exid3,1583,738
2184,fairfuzz-0-exid3,1583,739
2185,fairfuzz-0-exid3,1583,740
2186,fairfuzz-0-exid3,1583,741
2187,fairfuzz-0-exid3,1583,742
2188,fairfuzz-0-exid3,1583,743
2189,fairfuzz-0-exid3,1583,744
2190,fairfuzz-0-exid3,1583,745
2191,fairfuzz-0-exid3,1583,746
2192,fairfuzz-0-exid3,1583,747
2193,fairfuzz-0-exid3,1584,748
2194,fairfuzz-0-exid3,1584,749
2195,fairfuzz-0-exid3,1584,750
2196,fairfuzz-0-exid3,1584,751
2197,fairfuzz-0-exid3,1584,752
2198,fairfuzz-0-exid3,1584,753
2199,fairfuzz-0-exid3,1584,754
2200,fairfuzz-0-exid3,1584,755
2201,fairfuzz-0-exid3,1584,756
2202,fairfuzz-0-exid3,1584,757
2203,fairfuzz-0-exid3,1584,758
2204,fairfuzz-0-exid3,1584,759
2205,fairfuzz-0-exid3,1584,760
2206,fairfuzz-0-exid3,1584,761
2207,fairfuzz-0-exid3,1585,762
2208,fairfuzz-0-exid3,1585,763
2209,fairfuzz-0-exid3,1585,764
2210,fairfuzz-0-exid3,1585,765
2211,fairfuzz-0-exid3,1585,766
2212,fairfuzz-0-exid3,1585,767
2213,fairfuzz-0-exid3,1586,768
2214,fairfuzz-0-exid3,1586,769
2215,fairfuzz-0-exid3,1589,770
2216,fairfuzz-0-exid3,1590,771
2217,fairfuzz-0-exid3,1590,772
2218,fairfuzz-0-exid3,1590,773
2219,fairfuzz-0-exid3,1590,774
2220,fairfuzz-0-exid3,1590,775
2221,fairfuzz-0-exid3,1591,776
2222,fairfuzz-0-exid3,1591,777
2223,fairfuzz-0-exid3,1591,778
2224,fairfuzz-0-exid3,1591,779
2225,fairfuzz-0-exid3,1591,780
2226,fairfuzz-0-exid3,1591,781
2227,fairfuzz-0-exid3,1591,782
2228,fairfuzz-0-exid3,1591,783
2229,fairfuzz-0-exid3,1591,784
2230,fairfuzz-0-exid3,1591,785
2231,fairfuzz-0-exid3,1591,786
2232,fairfuzz-0-exid3,1591,787
2233,fairfuzz-0-exid3,1591,788
2234,fairfuzz-0-exid3,1592,789
2235,fairfuzz-0-exid3,1594,790
2236,fairfuzz-0-exid3,1594,791
2237,fairfuzz-0-exid3,1594,792
2238,fairfuzz-0-exid3,1595,793
2239,fairfuzz-0-exid3,1595,794
2240,fairfuzz-0-exid3,1595,795
2241,fairfuzz-0-exid3,1595,796
2242,fairfuzz-0-exid3,1595,797
2243,fairfuzz-0-exid3,1596,798
2244,fairfuzz-0-exid3,1598,799
2245,fairfuzz-0-exid3,1599,800
2246,fairfuzz-0-exid3,1599,801
2247,fairfuzz-0-exid3,1599,802
2248,fairfuzz-0-exid3,1599,803
2249,fairfuzz-0-exid3,1599,804
2250,fairfuzz-0-exid3,1599,805
2251,fairfuzz-0-exid3,1600,806
2252,fairfuzz-0-exid3,1600,807
2253,fairfuzz-0-exid3,1600,808
2254,fairfuzz-0-exid3,1600,809
2255,fairfuzz-0-exid3,1602,810
2256,fairfuzz-0-exid3,1603,811
2257,fairfuzz-0-exid3,1604,812
2258,fairfuzz-0-exid3,1604,813
2259,fairfuzz-0-exid3,1604,814
2260,fairfuzz-0-exid3,1604,815
2261,fairfuzz-0-exid3,1605,816
2262,fairfuzz-0-exid3,1605,817
2263,fairfuzz-0-exid3,1605,818
2264,fairfuzz-0-exid3,1605,819
2265,fairfuzz-0-exid3,1605,820
2266,fairfuzz-0-exid3,1605,821
2267,fairfuzz-0-exid3,1605,822
2268,fairfuzz-0-exid3,1605,823
2269,fairfuzz-0-exid3,1605,824
2270,fairfuzz-0-exid3,1605,825
2271,fairfuzz-0-exid3,1605,826
2272,fairfuzz-0-exid3,1605,827
2273,fairfuzz-0-exid3,1605,828
2274,fairfuzz-0-exid3,1607,829
2275,fairfuzz-0-exid3,1607,830
2276,fairfuzz-0-exid3,1607,831
2277,fairfuzz-0-exid3,1607,832
2278,fairfuzz-0-exid3,1607,833
2279,fairfuzz-0-exid3,1607,834
2280,fairfuzz-0-exid3,1607,835
2281,fairfuzz-0-exid3,1608,836
2282,fairfuzz-0-exid3,1608,837
2283,fairfuzz-0-exid3,1608,838
2284,fairfuzz-0-exid3,1608,839
2285,fairfuzz-0-exid3,1608,840
2286,fairfuzz-0-exid3,1608,841
2287,fairfuzz-0-exid3,1608,842
2288,fairfuzz-0-exid3,1608,843
2289,fairfuzz-0-exid3,1608,844
2290,fairfuzz-0-exid3,1609,845
2291,fairfuzz-0-exid3,1609,846
2292,fairfuzz-0-exid3,1609,847
2293,fairfuzz-0-exid3,1609,848
2294,fairfuzz-0-exid3,1609,849
2295,fairfuzz-0-exid3,1609,850
2296,fairfuzz-0-exid3,1610,851
2297,fairfuzz-0-exid3,1610,852
2298,fairfuzz-0-exid3,1610,853
2299,fairfuzz-0-exid3,1621,854
2300,fairfuzz-0-exid3,1622,855
2301,fairfuzz-0-exid3,1624,856
2302,fairfuzz-0-exid3,1625,857
2303,fairfuzz-0-exid3,1625,858
2304,fairfuzz-0-exid3,1625,859
2305,fairfuzz-0-exid3,1625,860
2306,fairfuzz-0-exid3,1625,861
2307,fairfuzz-0-exid3,1625,862
2308,fairfuzz-0-exid3,1625,863
2309,fairfuzz-0-exid3,1625,864
2310,fairfuzz-0-exid3,1625,865
2311,fairfuzz-0-exid3,1625,866
2312,fairfuzz-0-exid3,1625,867
2313,fairfuzz-0-exid3,1625,868
2314,fairfuzz-0-exid3,1625,869
2315,fairfuzz-0-exid3,1625,870
2316,fairfuzz-0-exid3,1625,871
2317,fairfuzz-0-exid3,1625,872
2318,fairfuzz-0-exid3,1625,873
2319,fairfuzz-0-exid3,1625,874
2320,fairfuzz-0-exid3,1625,875
2321,fairfuzz-0-exid3,1625,876
2322,fairfuzz-0-exid3,1625,877
2323,fairfuzz-0-exid3,1625,878
2324,fairfuzz-0-exid3,1625,879
2325,fairfuzz-0-exid3,1625,880
2326,fairfuzz-0-exid3,1625,881
2327,fairfuzz-0-exid3,1625,882
2328,fairfuzz-0-exid3,1626,883
2329,fairfuzz-0-exid3,1626,884
2330,fairfuzz-0-exid3,1626,885
2331,fairfuzz-0-exid3,1626,886
2332,fairfuzz-0-exid3,1626,887
2333,fairfuzz-0-exid3,1626,888
2334,fairfuzz-0-exid3,1626,889
2335,fairfuzz-0-exid3,1626,890
2336,fairfuzz-0-exid3,1626,891
2337,fairfuzz-0-exid3,1626,892
2338,fairfuzz-0-exid3,1626,893
2339,fairfuzz-0-exid3,1626,894
2340,fairfuzz-0-exid3,1626,895
2341,fairfuzz-0-exid3,1626,896
2342,fairfuzz-0-exid3,1626,897
2343,fairfuzz-0-exid3,1626,898
2344,fairfuzz-0-exid3,1626,899
2345,fairfuzz-0-exid3,1626,900
2346,fairfuzz-0-exid3,1626,901
2347,fairfuzz-0-exid3,1627,902
2348,fairfuzz-0-exid3,1627,903
2349,fairfuzz-0-exid3,1627,904
2350,fairfuzz-0-exid3,1627,905
2351,fairfuzz-0-exid3,1627,906
2352,fairfuzz-0-exid3,1627,907
2353,fairfuzz-0-exid3,1627,908
2354,fairfuzz-0-exid3,1627,909
2355,fairfuzz-0-exid3,1627,910
2356,fairfuzz-0-exid3,1627,911
2357,fairfuzz-0-exid3,1627,912
2358,fairfuzz-0-exid3,1627,913
2359,fairfuzz-0-exid3,1627,914
2360,fairfuzz-0-exid3,1627,915
2361,fairfuzz-0-exid3,1627,916
2362,fairfuzz-0-exid3,1627,917
2363,fairfuzz-0-exid3,1627,918
2364,fairfuzz-0-exid3,1627,919
2365,fairfuzz-0-exid3,1627,920
2366,fairfuzz-0-exid3,1627,921
2367,fairfuzz-0-exid3,1627,922
2368,fairfuzz-0-exid3,1627,923
2369,fairfuzz-0-exid3,1629,924
2370,fairfuzz-0-exid3,1632,925
2371,fairfuzz-0-exid3,1634,926
2372,fairfuzz-0-exid3,1634,927
2373,fairfuzz-0-exid3,1634,928
2374,fairfuzz-0-exid3,1634,929
2375,fairfuzz-0-exid3,1634,930
2376,fairfuzz-0-exid3,1634,931
2377,fairfuzz-0-exid3,1634,932
2378,fairfuzz-0-exid3,1634,933
2379,fairfuzz-0-exid3,1634,934
2380,fairfuzz-0-exid3,1634,935
2381,fairfuzz-0-exid3,1634,936
2382,fairfuzz-0-exid3,1634,937
2383,fairfuzz-0-exid3,1634,938
2384,fairfuzz-0-exid3,1634,939
2385,fairfuzz-0-exid3,1634,940
2386,fairfuzz-0-exid3,1634,941
2387,fairfuzz-0-exid3,1634,942
2388,fairfuzz-0-exid3,1634,943
2389,fairfuzz-0-exid3,1634,944
2390,fairfuzz-0-exid3,1634,945
2391,fairfuzz-0-exid3,1634,946
2392,fairfuzz-0-exid3,1634,947
2393,fairfuzz-0-exid3,1634,948
2394,fairfuzz-0-exid3,1634,949
2395,fairfuzz-0-exid3,1634,950
2396,fairfuzz-0-exid3,1634,951
2397,fairfuzz-0-exid3,1635,952
2398,fairfuzz-0-exid3,1635,953
2399,fairfuzz-0-exid3,1635,954
2400,fairfuzz-0-exid3,1635,955
2401,fairfuzz-0-exid3,1635,956
2402,fairfuzz-0-exid3,1635,957
2403,fairfuzz-0-exid3,1635,958
2404,fairfuzz-0-exid3,1635,959
2405,fairfuzz-0-exid3,1635,960
2406,fairfuzz-0-exid3,1635,961
2407,fairfuzz-0-exid3,1635,962
2408,fairfuzz-0-exid3,1635,963
2409,fairfuzz-0-exid3,1635,964
2410,fairfuzz-0-exid3,1635,965
2411,fairfuzz-0-exid3,1635,966
2412,fairfuzz-0-exid3,1635,967
2413,fairfuzz-0-exid3,1635,968
2414,fairfuzz-0-exid3,1635,969
2415,fairfuzz-0-exid3,1635,970
2416,fairfuzz-0-exid3,1635,971
2417,fairfuzz-0-exid3,1635,972
2418,fairfuzz-0-exid3,1635,973
2419,fairfuzz-0-exid3,1635,974
2420,fairfuzz-0-exid3,1635,975
2421,fairfuzz-0-exid3,1635,976
2422,fairfuzz-0-exid3,1635,977
2423,fairfuzz-0-exid3,1635,978
2424,fairfuzz-0-exid3,1635,979
2425,fairfuzz-0-exid3,1635,980
2426,fairfuzz-0-exid3,1635,981
2427,fairfuzz-0-exid3,1636,982
2428,fairfuzz-0-exid3,1638,983
2429,fairfuzz-0-exid3,1638,984
2430,fairfuzz-0-exid3,1638,985
2431,fairfuzz-0-exid3,1638,986
2432,fairfuzz-0-exid3,1639,987
2433,fairfuzz-0-exid3,1639,988
2434,fairfuzz-0-exid3,1639,989
2435,fairfuzz-0-exid3,1639,990
2436,fairfuzz-0-exid3,1639,991
2437,fairfuzz-0-exid3,1639,992
2438,fairfuzz-0-exid3,1639,993
2439,fairfuzz-0-exid3,1639,994
2440,fairfuzz-0-exid3,1639,995
2441,fairfuzz-0-exid3,1639,996
2442,fairfuzz-0-exid3,1639,997
2443,fairfuzz-0-exid3,1639,998
2444,fairfuzz-0-exid3,1639,999
2445,fairfuzz-0-exid3,1639,1000
2446,fairfuzz-0-exid3,1639,1001
2447,fairfuzz-0-exid3,1639,1002
2448,fairfuzz-0-exid3,1639,1003
2449,fairfuzz-0-exid3,1639,1004
2450,fairfuzz-0-exid3,1639,1005
2451,fairfuzz-0-exid3,1639,1006
2452,fairfuzz-0-exid3,1640,1007
2453,fairfuzz-0-exid3,1640,1008
2454,fairfuzz-0-exid3,1640,1009
2455,fairfuzz-0-exid3,1640,1010
2456,fairfuzz-0-exid3,1640,1011
2457,fairfuzz-0-exid3,1640,1012
2458,fairfuzz-0-exid3,1640,1013
2459,fairfuzz-0-exid3,1640,1014
2460,fairfuzz-0-exid3,1640,1015
2461,fairfuzz-0-exid3,1640,1016
2462,fairfuzz-0-exid3,1640,1017
2463,fairfuzz-0-exid3,1640,1018
2464,fairfuzz-0-exid3,1640,1019
2465,fairfuzz-0-exid3,1640,1020
2466,fairfuzz-0-exid3,1640,1021
2467,fairfuzz-0-exid3,1640,1022
2468,fairfuzz-0-exid3,1640,1023
2469,fairfuzz-0-exid3,1640,1024
2470,fairfuzz-0-exid3,1640,1025
2471,fairfuzz-0-exid3,1640,1026
2472,fairfuzz-0-exid3,1640,1027
2473,fairfuzz-0-exid3,1640,1028
2474,fairfuzz-0-exid3,1640,1029
2475,fairfuzz-0-exid3,1640,1030
2476,fairfuzz-0-exid3,1640,1031
2477,fairfuzz-0-exid3,1640,1032
2478,fairfuzz-0-exid3,1640,1033
2479,fairfuzz-0-exid3,1640,1034
2480,fairfuzz-0-exid3,1640,1035
2481,fairfuzz-0-exid3,1640,1036
2482,fairfuzz-0-exid3,1642,1037
2483,fairfuzz-0-exid3,1643,1038
2484,fairfuzz-0-exid3,1645,1039
2485,fairfuzz-0-exid3,1647,1040
2486,fairfuzz-0-exid3,1649,1041
2487,fairfuzz-0-exid3,1649,1042
2488,fairfuzz-0-exid3,1649,1043
2489,fairfuzz-0-exid3,1649,1044
2490,fairfuzz-0-exid3,1649,1045
2491,fairfuzz-0-exid3,1649,1046
2492,fairfuzz-0-exid3,1650,1047
2493,fairfuzz-0-exid3,1651,1048
2494,fairfuzz-0-exid3,1654,1049
2495,fairfuzz-0-exid3,1655,1050
2496,fairfuzz-0-exid3,1657,1051
2497,fairfuzz-0-exid3,1657,1052
2498,fairfuzz-0-exid3,1658,1053
2499,fairfuzz-0-exid3,1658,1054
2500,fairfuzz-0-exid3,1658,1055
2501,fairfuzz-0-exid3,1658,1056
2502,fairfuzz-0-exid3,1658,1057
2503,fairfuzz-0-exid3,1658,1058
2504,fairfuzz-0-exid3,1658,1059
2505,fairfuzz-0-exid3,1659,1060
2506,fairfuzz-0-exid3,1661,1061
2507,fairfuzz-0-exid3,1661,1062
2508,fairfuzz-0-exid3,1661,1063
2509,fairfuzz-0-exid3,1662,1064
2510,fairfuzz-0-exid3,1662,1065
2511,fairfuzz-0-exid3,1662,1066
2512,fairfuzz-0-exid3,1662,1067
2513,fairfuzz-0-exid3,1663,1068
2514,fairfuzz-0-exid3,1663,1069
2515,fairfuzz-0-exid3,1663,1070
2516,fairfuzz-0-exid3,1663,1071
2517,fairfuzz-0-exid3,1664,1072
2518,fairfuzz-0-exid3,1665,1073
2519,fairfuzz-0-exid3,1665,1074
2520,fairfuzz-0-exid3,1665,1075
2521,fairfuzz-0-exid3,1665,1076
2522,fairfuzz-0-exid3,1665,1077
2523,fairfuzz-0-exid3,1665,1078
2524,fairfuzz-0-exid3,1665,1079
2525,fairfuzz-0-exid3,1665,1080
2526,fairfuzz-0-exid3,1665,1081
2527,fairfuzz-0-exid3,1665,1082
2528,fairfuzz-0-exid3,1665,1083
2529,fairfuzz-0-exid3,1667,1084
2530,fairfuzz-0-exid3,1668,1085
2531,fairfuzz-0-exid3,1668,1086
2532,fairfuzz-0-exid3,1668,1087
2533,fairfuzz-0-exid3,1668,1088
2534,fairfuzz-0-exid3,1668,1089
2535,fairfuzz-0-exid3,1668,1090
2536,fairfuzz-0-exid3,1668,1091
2537,fairfuzz-0-exid3,1668,1092
2538,fairfuzz-0-exid3,1668,1093
2539,fairfuzz-0-exid3,1668,1094
2540,fairfuzz-0-exid3,1668,1095
2541,fairfuzz-0-exid3,1669,1096
2542,fairfuzz-0-exid3,1670,1097
2543,fairfuzz-0-exid3,1670,1098
2544,fairfuzz-0-exid3,1670,1099
2545,fairfuzz-0-exid3,1671,1100
2546,fairfuzz-0-exid3,1671,1101
2547,fairfuzz-0-exid3,1671,1102
2548,fairfuzz-0-exid3,1671,1103
2549,fairfuzz-0-exid3,1671,1104
2550,fairfuzz-0-exid3,1671,1105
2551,fairfuzz-0-exid3,1671,1106
2552,fairfuzz-0-exid3,1671,1107
2553,fairfuzz-0-exid3,1671,1108
2554,fairfuzz-0-exid3,1671,1109
2555,fairfuzz-0-exid3,1671,1110
2556,fairfuzz-0-exid3,1671,1111
2557,fairfuzz-0-exid3,1671,1112
2558,fairfuzz-0-exid3,1671,1113
2559,fairfuzz-0-exid3,1671,1114
2560,fairfuzz-0-exid3,1671,1115
2561,fairfuzz-0-exid3,1671,1116
2562,fairfuzz-0-exid3,1671,1117
2563,fairfuzz-0-exid3,1671,1118
2564,fairfuzz-0-exid3,1671,1119
2565,fairfuzz-0-exid3,1671,1120
2566,fairfuzz-0-exid3,1671,1121
2567,fairfuzz-0-exid3,1671,1122
2568,fairfuzz-0-exid3,1671,1123
2569,fairfuzz-0-exid3,1671,1124
2570,fairfuzz-0-exid3,1671,1125
2571,fairfuzz-0-exid3,1671,1126
2572,fairfuzz-0-exid3,1671,1127
2573,fairfuzz-0-exid3,1671,1128
2574,fairfuzz-0-exid3,1671,1129
2575,fairfuzz-0-exid3,1671,1130
2576,fairfuzz-0-exid3,1671,1131
2577,fairfuzz-0-exid3,1671,1132
2578,fairfuzz-0-exid3,1671,1133
2579,fairfuzz-0-exid3,1671,1134
2580,fairfuzz-0-exid3,1671,1135
2581,fairfuzz-0-exid3,1671,1136
2582,fairfuzz-0-exid3,1671,1137
2583,fairfuzz-0-exid3,1671,1138
2584,fairfuzz-0-exid3,1671,1139
2585,fairfuzz-0-exid3,1671,1140
2586,fairfuzz-0-exid3,1671,1141
2587,fairfuzz-0-exid3,1671,1142
2588,fairfuzz-0-exid3,1671,1143
2589,fairfuzz-0-exid3,1671,1144
2590,fairfuzz-0-exid3,1671,1145
2591,fairfuzz-0-exid3,1671,1146
2592,fairfuzz-0-exid3,1671,1147
2593,fairfuzz-0-exid3,1671,1148
2594,fairfuzz-0-exid3,1671,1149
2595,fairfuzz-0-exid3,1671,1150
2596,fairfuzz-0-exid3,1671,1151
2597,fairfuzz-0-exid3,1671,1152
2598,fairfuzz-0-exid3,1671,1153
2599,fairfuzz-0-exid3,1671,1154
2600,fairfuzz-0-exid3,1672,1155
2601,fairfuzz-0-exid3,1678,1156
2602,fairfuzz-0-exid3,1678,1157
2603,fairfuzz-0-exid3,1678,1158
2604,fairfuzz-0-exid3,1679,1159
2605,fairfuzz-0-exid3,1679,1160
2606,fairfuzz-0-exid3,1679,1161
2607,fairfuzz-0-exid3,1679,1162
2608,fairfuzz-0-exid3,1679,1163
2609,fairfuzz-0-exid3,1679,1164
2610,fairfuzz-0-exid3,1679,1165
2611,fairfuzz-0-exid3,1679,1166
2612,fairfuzz-0-exid3,1679,1167
2613,fairfuzz-0-exid3,1681,1168
2614,fairfuzz-0-exid3,1681,1169
2615,fairfuzz-0-exid3,1681,1170
2616,fairfuzz-0-exid3,1681,1171
2617,fairfuzz-0-exid3,1681,1172
2618,fairfuzz-0-exid3,1681,1173
2619,fairfuzz-0-exid3,1681,1174
2620,fairfuzz-0-exid3,1681,1175
2621,fairfuzz-0-exid3,1681,1176
2622,fairfuzz-0-exid3,1681,1177
2623,fairfuzz-0-exid3,1681,1178
2624,fairfuzz-0-exid3,1681,1179
2625,fairfuzz-0-exid3,1682,1180
2626,fairfuzz-0-exid3,1683,1181
2627,fairfuzz-0-exid3,1683,1182
2628,fairfuzz-0-exid3,1683,1183
2629,fairfuzz-0-exid3,1683,1184
2630,fairfuzz-0-exid3,1683,1185
2631,fairfuzz-0-exid3,1683,1186
2632,fairfuzz-0-exid3,1683,1187
2633,fairfuzz-0-exid3,1683,1188
2634,fairfuzz-0-exid3,1683,1189
2635,fairfuzz-0-exid3,1683,1190
2636,fairfuzz-0-exid3,1683,1191
2637,fairfuzz-0-exid3,1683,1192
2638,fairfuzz-0-exid3,1683,1193
2639,fairfuzz-0-exid3,1683,1194
2640,fairfuzz-0-exid3,1683,1195
2641,fairfuzz-0-exid3,1683,1196
2642,fairfuzz-0-exid3,1683,1197
2643,fairfuzz-0-exid3,1683,1198
2644,fairfuzz-0-exid3,1683,1199
2645,fairfuzz-0-exid3,1683,1200
2646,fairfuzz-0-exid3,1683,1201
2647,fairfuzz-0-exid3,1683,1202
2648,fairfuzz-0-exid3,1683,1203
2649,fairfuzz-0-exid3,1683,1204
2650,fairfuzz-0-exid3,1683,1205
2651,fairfuzz-0-exid3,1683,1206
2652,fairfuzz-0-exid3,1683,1207
2653,fairfuzz-0-exid3,1683,1208
2654,fairfuzz-0-exid3,1683,1209
2655,fairfuzz-0-exid3,1684,1210
2656,fairfuzz-0-exid3,1684,1211
2657,fairfuzz-0-exid3,1684,1212
2658,fairfuzz-0-exid3,1684,1213
2659,fairfuzz-0-exid3,1684,1214
2660,fairfuzz-0-exid3,1684,1215
2661,fairfuzz-0-exid3,1684,1216
2662,fairfuzz-0-exid3,1684,1217
2663,fairfuzz-0-exid3,1684,1218
2664,fairfuzz-0-exid3,1684,1219
2665,fairfuzz-0-exid3,1684,1220
2666,fairfuzz-0-exid3,1684,1221
2667,fairfuzz-0-exid3,1684,1222
2668,fairfuzz-0-exid3,1684,1223
2669,fairfuzz-0-exid3,1684,1224
2670,fairfuzz-0-exid3,1684,1225
2671,fairfuzz-0-exid3,1684,1226
2672,fairfuzz-0-exid3,1684,1227
2673,fairfuzz-0-exid3,1684,1228
2674,fairfuzz-0-exid3,1684,1229
2675,fairfuzz-0-exid3,1684,1230
2676,fairfuzz-0-exid3,1684,1231
2677,fairfuzz-0-exid3,1684,1232
2678,fairfuzz-0-exid3,1684,1233
2679,fairfuzz-0-exid3,1684,1234
2680,fairfuzz-0-exid3,1684,1235
2681,fairfuzz-0-exid3,1684,1236
2682,fairfuzz-0-exid3,1684,1237
2683,fairfuzz-0-exid3,1684,1238
2684,fairfuzz-0-exid3,1684,1239
2685,fairfuzz-0-exid3,1684,1240
2686,fairfuzz-0-exid3,1684,1241
2687,fairfuzz-0-exid3,1684,1242
2688,fairfuzz-0-exid3,1684,1243
2689,fairfuzz-0-exid3,1684,1244
2690,fairfuzz-0-exid3,1684,1245
2691,fairfuzz-0-exid3,1684,1246
2692,fairfuzz-0-exid3,1684,1247
2693,fairfuzz-0-exid3,1684,1248
2694,fairfuzz-0-exid3,1684,1249
2695,fairfuzz-0-exid3,1684,1250
2696,fairfuzz-0-exid3,1684,1251
2697,fairfuzz-0-exid3,1684,1252
2698,fairfuzz-0-exid3,1684,1253
2699,fairfuzz-0-exid3,1684,1254
2700,fairfuzz-0-exid3,1684,1255
2701,fairfuzz-0-exid3,1684,1256
2702,fairfuzz-0-exid3,1684,1257
2703,fairfuzz-0-exid3,1684,1258
2704,fairfuzz-0-exid3,1684,1259
2705,fairfuzz-0-exid3,1684,1260
2706,fairfuzz-0-exid3,1684,1261
2707,fairfuzz-0-exid3,1684,1262
2708,fairfuzz-0-exid3,1684,1263
2709,fairfuzz-0-exid3,1684,1264
2710,fairfuzz-0-exid3,1684,1265
2711,fairfuzz-0-exid3,1684,1266
2712,fairfuzz-0-exid3,1684,1267
2713,fairfuzz-0-exid3,1684,1268
2714,fairfuzz-0-exid3,1684,1269
2715,fairfuzz-0-exid3,1684,1270
2716,fairfuzz-0-exid3,1684,1271
2717,fairfuzz-0-exid3,1684,1272
2718,fairfuzz-0-exid3,1684,1273
2719,fairfuzz-0-exid3,1684,1274
2720,fairfuzz-0-exid3,1684,1275
2721,fairfuzz-0-exid3,1684,1276
2722,fairfuzz-0-exid3,1684,1277
2723,fairfuzz-0-exid3,1684,1278
2724,fairfuzz-0-exid3,1684,1279
2725,fairfuzz-0-exid3,1684,1280
2726,fairfuzz-0-exid3,1684,1281
2727,fairfuzz-0-exid3,1684,1282
2728,fairfuzz-0-exid3,1684,1283
2729,fairfuzz-0-exid3,1684,1284
2730,fairfuzz-0-exid3,1685,1285
2731,fairfuzz-0-exid3,1685,1286
2732,fairfuzz-0-exid3,1685,1287
2733,fairfuzz-0-exid3,1685,1288
2734,fairfuzz-0-exid3,1685,1289
2735,fairfuzz-0-exid3,1685,1290
2736,fairfuzz-0-exid3,1685,1291
2737,fairfuzz-0-exid3,1685,1292
2738,fairfuzz-0-exid3,1685,1293
2739,fairfuzz-0-exid3,1686,1294
2740,fairfuzz-0-exid3,1686,1295
2741,fairfuzz-0-exid3,1686,1296
2742,fairfuzz-0-exid3,1686,1297
2743,fairfuzz-0-exid3,1686,1298
2744,fairfuzz-0-exid3,1686,1299
2745,fairfuzz-0-exid3,1686,1300
2746,fairfuzz-0-exid3,1686,1301
2747,fairfuzz-0-exid3,1686,1302
2748,fairfuzz-0-exid3,1686,1303
2749,fairfuzz-0-exid3,1686,1304
2750,fairfuzz-0-exid3,1686,1305
2751,fairfuzz-0-exid3,1686,1306
2752,fairfuzz-0-exid3,1687,1307
2753,fairfuzz-0-exid3,1687,1308
2754,fairfuzz-0-exid3,1687,1309
2755,fairfuzz-0-exid3,1687,1310
2756,fairfuzz-0-exid3,1687,1311
2757,fairfuzz-0-exid3,1687,1312
2758,fairfuzz-0-exid3,1687,1313
2759,fairfuzz-0-exid3,1687,1314
2760,fairfuzz-0-exid3,1687,1315
2761,fairfuzz-0-exid3,1687,1316
2762,fairfuzz-0-exid3,1687,1317
2763,fairfuzz-0-exid3,1687,1318
2764,fairfuzz-0-exid3,1687,1319
2765,fairfuzz-0-exid3,1687,1320
2766,fairfuzz-0-exid3,1687,1321
2767,fairfuzz-0-exid3,1687,1322
2768,fairfuzz-0-exid3,1687,1323
2769,fairfuzz-0-exid3,1687,1324
2770,fairfuzz-0-exid3,1687,1325
2771,fairfuzz-0-exid3,1687,1326
2772,fairfuzz-0-exid3,1687,1327
2773,fairfuzz-0-exid3,1687,1328
2774,fairfuzz-0-exid3,1687,1329
2775,fairfuzz-0-exid3,1687,1330
2776,fairfuzz-0-exid3,1688,1331
2777,fairfuzz-0-exid3,1688,1332
2778,fairfuzz-0-exid3,1688,1333
2779,fairfuzz-0-exid3,1688,1334
2780,fairfuzz-0-exid3,1688,1335
2781,fairfuzz-0-exid3,1688,1336
2782,fairfuzz-0-exid3,1688,1337
2783,fairfuzz-0-exid3,1688,1338
2784,fairfuzz-0-exid3,1688,1339
2785,fairfuzz-0-exid3,1688,1340
2786,fairfuzz-0-exid3,1688,1341
2787,fairfuzz-0-exid3,1688,1342
2788,fairfuzz-0-exid3,1688,1343
2789,fairfuzz-0-exid3,1688,1344
2790,fairfuzz-0-exid3,1688,1345
2791,fairfuzz-0-exid3,1688,1346
2792,fairfuzz-0-exid3,1688,1347
2793,fairfuzz-0-exid3,1688,1348
2794,fairfuzz-0-exid3,1689,1349
2795,fairfuzz-0-exid3,1689,1350
2796,fairfuzz-0-exid3,1689,1351
2797,fairfuzz-0-exid3,1689,1352
2798,fairfuzz-0-exid3,1689,1353
2799,fairfuzz-0-exid3,1689,1354
2800,fairfuzz-0-exid3,1689,1355
2801,fairfuzz-0-exid3,1689,1356
2802,fairfuzz-0-exid3,1689,1357
2803,fairfuzz-0-exid3,1689,1358
2804,fairfuzz-0-exid3,1689,1359
2805,fairfuzz-0-exid3,1689,1360
2806,fairfuzz-0-exid3,1689,1361
2807,fairfuzz-0-exid3,1689,1362
2808,fairfuzz-0-exid3,1689,1363
2809,fairfuzz-0-exid3,1689,1364
2810,fairfuzz-0-exid3,1689,1365
2811,fairfuzz-0-exid3,1689,1366
2812,fairfuzz-0-exid3,1689,1367
2813,fairfuzz-0-exid3,1689,1368
2814,fairfuzz-0-exid3,1689,1369
2815,fairfuzz-0-exid3,1689,1370
2816,fairfuzz-0-exid3,1689,1371
2817,fairfuzz-0-exid3,1689,1372
2818,fairfuzz-0-exid3,1689,1373
2819,fairfuzz-0-exid3,1689,1374
2820,fairfuzz-0-exid3,1689,1375
2821,fairfuzz-0-exid3,1689,1376
2822,fairfuzz-0-exid3,1689,1377
2823,fairfuzz-0-exid3,1689,1378
2824,fairfuzz-0-exid3,1689,1379
2825,fairfuzz-0-exid3,1689,1380
2826,fairfuzz-0-exid3,1689,1381
2827,fairfuzz-0-exid3,1689,1382
2828,fairfuzz-0-exid3,1689,1383
2829,fairfuzz-0-exid3,1689,1384
2830,fairfuzz-0-exid3,1689,1385
2831,fairfuzz-0-exid3,1689,1386
2832,fairfuzz-0-exid3,1689,1387
2833,fairfuzz-0-exid3,1689,1388
2834,fairfuzz-0-exid3,1689,1389
2835,fairfuzz-0-exid3,1689,1390
2836,fairfuzz-0-exid3,1689,1391
2837,fairfuzz-0-exid3,1689,1392
2838,fairfuzz-0-exid3,1689,1393
2839,fairfuzz-0-exid3,1692,1394
2840,fairfuzz-0-exid3,1694,1395
2841,fairfuzz-0-exid3,1694,1396
2842,fairfuzz-0-exid3,1696,1397
2843,fairfuzz-0-exid3,1696,1398
2844,fairfuzz-0-exid3,1699,1399
2845,fairfuzz-0-exid3,1699,1400
2846,fairfuzz-0-exid3,1699,1401
2847,fairfuzz-0-exid3,1700,1402
2848,fairfuzz-0-exid3,1700,1403
2849,fairfuzz-0-exid3,1700,1404
2850,fairfuzz-0-exid3,1700,1405
2851,fairfuzz-0-exid3,1700,1406
2852,fairfuzz-0-exid3,1700,1407
2853,fairfuzz-0-exid3,1701,1408
2854,fairfuzz-0-exid3,1701,1409
2855,fairfuzz-0-exid3,1701,1410
2856,fairfuzz-0-exid3,1702,1411
2857,fairfuzz-0-exid3,1702,1412
2858,fairfuzz-0-exid3,1702,1413
2859,fairfuzz-0-exid3,1702,1414
2860,fairfuzz-0-exid3,1702,1415
2861,fairfuzz-0-exid3,1702,1416
2862,fairfuzz-0-exid3,1702,1417
2863,fairfuzz-0-exid3,1702,1418
2864,fairfuzz-0-exid3,1702,1419
2865,fairfuzz-0-exid3,1702,1420
2866,fairfuzz-0-exid3,1702,1421
2867,fairfuzz-0-exid3,1702,1422
2868,fairfuzz-0-exid3,1702,1423
2869,fairfuzz-0-exid3,1702,1424
2870,fairfuzz-0-exid3,1702,1425
2871,fairfuzz-0-exid3,1702,1426
2872,fairfuzz-0-exid3,1702,1427
2873,fairfuzz-0-exid3,1702,1428
2874,fairfuzz-0-exid3,1702,1429
2875,fairfuzz-0-exid3,1702,1430
2876,fairfuzz-0-exid3,1702,1431
2877,fairfuzz-0-exid3,1702,1432
2878,fairfuzz-0-exid3,1702,1433
2879,fairfuzz-0-exid3,1702,1434
2880,fairfuzz-0-exid3,1702,1435
2881,fairfuzz-0-exid3,1702,1436
2882,fairfuzz-0-exid3,1702,1437
2883,fairfuzz-0-exid3,1702,1438
2884,fairfuzz-0-exid3,1702,1439
2885,aflplusplus-0-exid3,24,0
2886,aflplusplus-0-exid3,25,1
2887,aflplusplus-0-exid3,28,2
2888,aflplusplus-0-exid3,28,3
2889,aflplusplus-0-exid3,29,4
2890,aflplusplus-0-exid3,29,5
2891,aflplusplus-0-exid3,236,6
2892,aflplusplus-0-exid3,252,7
2893,aflplusplus-0-exid3,271,8
2894,aflplusplus-0-exid3,284,9
2895,aflplusplus-0-exid3,295,10
2896,aflplusplus-0-exid3,310,11
2897,aflplusplus-0-exid3,310,12
2898,aflplusplus-0-exid3,348,13
2899,aflplusplus-0-exid3,367,14
2900,aflplusplus-0-exid3,376,15
2901,aflplusplus-0-exid3,380,16
2902,aflplusplus-0-exid3,386,17
2903,aflplusplus-0-exid3,391,18
2904,aflplusplus-0-exid3,405,19
2905,aflplusplus-0-exid3,422,20
2906,aflplusplus-0-exid3,437,21
2907,aflplusplus-0-exid3,449,22
2908,aflplusplus-0-exid3,464,23
2909,aflplusplus-0-exid3,490,24
2910,aflplusplus-0-exid3,494,25
2911,aflplusplus-0-exid3,503,26
2912,aflplusplus-0-exid3,524,27
2913,aflplusplus-0-exid3,534,28
2914,aflplusplus-0-exid3,546,29
2915,aflplusplus-0-exid3,566,30
2916,aflplusplus-0-exid3,574,31
2917,aflplusplus-0-exid3,593,32
2918,aflplusplus-0-exid3,599,33
2919,aflplusplus-0-exid3,599,34
2920,aflplusplus-0-exid3,624,35
2921,aflplusplus-0-exid3,624,36
2922,aflplusplus-0-exid3,630,37
2923,aflplusplus-0-exid3,630,38
2924,aflplusplus-0-exid3,653,39
2925,aflplusplus-0-exid3,653,40
2926,aflplusplus-0-exid3,659,41
2927,aflplusplus-0-exid3,664,42
2928,aflplusplus-0-exid3,669,43
2929,aflplusplus-0-exid3,675,44
2930,aflplusplus-0-exid3,688,45
2931,aflplusplus-0-exid3,700,46
2932,aflplusplus-0-exid3,709,47
2933,aflplusplus-0-exid3,715,48
2934,aflplusplus-0-exid3,736,49
2935,aflplusplus-0-exid3,747,50
2936,aflplusplus-0-exid3,753,51
2937,aflplusplus-0-exid3,765,52
2938,aflplusplus-0-exid3,766,53
2939,aflplusplus-0-exid3,775,54
2940,aflplusplus-0-exid3,780,55
2941,aflplusplus-0-exid3,787,56
2942,aflplusplus-0-exid3,790,57
2943,aflplusplus-0-exid3,797,58
2944,aflplusplus-0-exid3,797,59
2945,aflplusplus-0-exid3,802,60
2946,aflplusplus-0-exid3,803,61
2947,aflplusplus-0-exid3,820,62
2948,aflplusplus-0-exid3,826,63
2949,aflplusplus-0-exid3,826,64
2950,aflplusplus-0-exid3,826,65
2951,aflplusplus-0-exid3,826,66
2952,aflplusplus-0-exid3,849,67
2953,aflplusplus-0-exid3,849,68
2954,aflplusplus-0-exid3,849,69
2955,aflplusplus-0-exid3,851,70
2956,aflplusplus-0-exid3,864,71
2957,aflplusplus-0-exid3,865,72
2958,aflplusplus-0-exid3,866,73
2959,aflplusplus-0-exid3,872,74
2960,aflplusplus-0-exid3,873,75
2961,aflplusplus-0-exid3,875,76
2962,aflplusplus-0-exid3,878,77
2963,aflplusplus-0-exid3,879,78
2964,aflplusplus-0-exid3,879,79
2965,aflplusplus-0-exid3,879,80
2966,aflplusplus-0-exid3,879,81
2967,aflplusplus-0-exid3,879,82
2968,aflplusplus-0-exid3,879,83
2969,aflplusplus-0-exid3,879,84
2970,aflplusplus-0-exid3,879,85
2971,aflplusplus-0-exid3,879,86
2972,aflplusplus-0-exid3,879,87
2973,aflplusplus-0-exid3,879,88
2974,aflplusplus-0-exid3,879,89
2975,aflplusplus-0-exid3,879,90
2976,aflplusplus-0-exid3,879,91
2977,aflplusplus-0-exid3,879,92
2978,aflplusplus-0-exid3,879,93
2979,aflplusplus-0-exid3,879,94
2980,aflplusplus-0-exid3,879,95
2981,aflplusplus-0-exid3,879,96
2982,aflplusplus-0-exid3,879,97
2983,aflplusplus-0-exid3,879,98
2984,aflplusplus-0-exid3,879,99
2985,aflplusplus-0-exid3,879,100
2986,aflplusplus-0-exid3,879,101
2987,aflplusplus-0-exid3,879,102
2988,aflplusplus-0-exid3,879,103
2989,aflplusplus-0-exid3,879,104
2990,aflplusplus-0-exid3,879,105
2991,aflplusplus-0-exid3,879,106
2992,aflplusplus-0-exid3,879,107
2993,aflplusplus-0-exid3,879,108
2994,aflplusplus-0-exid3,879,109
2995,aflplusplus-0-exid3,879,110
2996,aflplusplus-0-exid3,879,111
2997,aflplusplus-0-exid3,879,112
2998,aflplusplus-0-exid3,879,113
2999,aflplusplus-0-exid3,879,114
3000,aflplusplus-0-exid3,879,115
3001,aflplusplus-0-exid3,879,116
3002,aflplusplus-0-exid3,879,117
3003,aflplusplus-0-exid3,930,118
3004,aflplusplus-0-exid3,956,119
3005,aflplusplus-0-exid3,958,120
3006,aflplusplus-0-exid3,961,121
3007,aflplusplus-0-exid3,961,122
3008,aflplusplus-0-exid3,961,123
3009,aflplusplus-0-exid3,963,124
3010,aflplusplus-0-exid3,963,125
3011,aflplusplus-0-exid3,963,126
3012,aflplusplus-0-exid3,963,127
3013,aflplusplus-0-exid3,964,128
3014,aflplusplus-0-exid3,964,129
3015,aflplusplus-0-exid3,966,130
3016,aflplusplus-0-exid3,966,131
3017,aflplusplus-0-exid3,967,132
3018,aflplusplus-0-exid3,970,133
3019,aflplusplus-0-exid3,971,134
3020,aflplusplus-0-exid3,974,135
3021,aflplusplus-0-exid3,974,136
3022,aflplusplus-0-exid3,974,137
3023,aflplusplus-0-exid3,974,138
3024,aflplusplus-0-exid3,974,139
3025,aflplusplus-0-exid3,983,140
3026,aflplusplus-0-exid3,983,141
3027,aflplusplus-0-exid3,986,142
3028,aflplusplus-0-exid3,986,143
3029,aflplusplus-0-exid3,986,144
3030,aflplusplus-0-exid3,986,145
3031,aflplusplus-0-exid3,991,146
3032,aflplusplus-0-exid3,991,147
3033,aflplusplus-0-exid3,991,148
3034,aflplusplus-0-exid3,991,149
3035,aflplusplus-0-exid3,991,150
3036,aflplusplus-0-exid3,999,151
3037,aflplusplus-0-exid3,1003,152
3038,aflplusplus-0-exid3,1003,153
3039,aflplusplus-0-exid3,1005,154
3040,aflplusplus-0-exid3,1006,155
3041,aflplusplus-0-exid3,1006,156
3042,aflplusplus-0-exid3,1015,157
3043,aflplusplus-0-exid3,1015,158
3044,aflplusplus-0-exid3,1018,159
3045,aflplusplus-0-exid3,1021,160
3046,aflplusplus-0-exid3,1022,161
3047,aflplusplus-0-exid3,1024,162
3048,aflplusplus-0-exid3,1027,163
3049,aflplusplus-0-exid3,1031,164
3050,aflplusplus-0-exid3,1031,165
3051,aflplusplus-0-exid3,1031,166
3052,aflplusplus-0-exid3,1031,167
3053,aflplusplus-0-exid3,1032,168
3054,aflplusplus-0-exid3,1033,169
3055,aflplusplus-0-exid3,1034,170
3056,aflplusplus-0-exid3,1035,171
3057,aflplusplus-0-exid3,1036,172
3058,aflplusplus-0-exid3,1036,173
3059,aflplusplus-0-exid3,1036,174
3060,aflplusplus-0-exid3,1036,175
3061,aflplusplus-0-exid3,1036,176
3062,aflplusplus-0-exid3,1036,177
3063,aflplusplus-0-exid3,1037,178
3064,aflplusplus-0-exid3,1038,179
3065,aflplusplus-0-exid3,1038,180
3066,aflplusplus-0-exid3,1038,181
3067,aflplusplus-0-exid3,1038,182
3068,aflplusplus-0-exid3,1038,183
3069,aflplusplus-0-exid3,1038,184
3070,aflplusplus-0-exid3,1038,185
3071,aflplusplus-0-exid3,1038,186
3072,aflplusplus-0-exid3,1038,187
3073,aflplusplus-0-exid3,1038,188
3074,aflplusplus-0-exid3,1038,189
3075,aflplusplus-0-exid3,1038,190
3076,aflplusplus-0-exid3,1038,191
3077,aflplusplus-0-exid3,1038,192
3078,aflplusplus-0-exid3,1038,193
3079,aflplusplus-0-exid3,1038,194
3080,aflplusplus-0-exid3,1038,195
3081,aflplusplus-0-exid3,1038,196
3082,aflplusplus-0-exid3,1038,197
3083,aflplusplus-0-exid3,1047,198
3084,aflplusplus-0-exid3,1047,199
3085,aflplusplus-0-exid3,1047,200
3086,aflplusplus-0-exid3,1047,201
3087,aflplusplus-0-exid3,1047,202
3088,aflplusplus-0-exid3,1047,203
3089,aflplusplus-0-exid3,1047,204
3090,aflplusplus-0-exid3,1052,205
3091,aflplusplus-0-exid3,1053,206
3092,aflplusplus-0-exid3,1053,207
3093,aflplusplus-0-exid3,1053,208
3094,aflplusplus-0-exid3,1053,209
3095,aflplusplus-0-exid3,1054,210
3096,aflplusplus-0-exid3,1054,211
3097,aflplusplus-0-exid3,1054,212
3098,aflplusplus-0-exid3,1054,213
3099,aflplusplus-0-exid3,1054,214
3100,aflplusplus-0-exid3,1054,215
3101,aflplusplus-0-exid3,1054,216
3102,aflplusplus-0-exid3,1056,217
3103,aflplusplus-0-exid3,1056,218
3104,aflplusplus-0-exid3,1056,219
3105,aflplusplus-0-exid3,1056,220
3106,aflplusplus-0-exid3,1056,221
3107,aflplusplus-0-exid3,1056,222
3108,aflplusplus-0-exid3,1056,223
3109,aflplusplus-0-exid3,1056,224
3110,aflplusplus-0-exid3,1056,225
3111,aflplusplus-0-exid3,1056,226
3112,aflplusplus-0-exid3,1056,227
3113,aflplusplus-0-exid3,1056,228
3114,aflplusplus-0-exid3,1056,229
3115,aflplusplus-0-exid3,1056,230
3116,aflplusplus-0-exid3,1056,231
3117,aflplusplus-0-exid3,1056,232
3118,aflplusplus-0-exid3,1056,233
3119,aflplusplus-0-exid3,1056,234
3120,aflplusplus-0-exid3,1063,235
3121,aflplusplus-0-exid3,1063,236
3122,aflplusplus-0-exid3,1063,237
3123,aflplusplus-0-exid3,1064,238
3124,aflplusplus-0-exid3,1064,239
3125,aflplusplus-0-exid3,1064,240
3126,aflplusplus-0-exid3,1064,241
3127,aflplusplus-0-exid3,1064,242
3128,aflplusplus-0-exid3,1064,243
3129,aflplusplus-0-exid3,1064,244
3130,aflplusplus-0-exid3,1064,245
3131,aflplusplus-0-exid3,1064,246
3132,aflplusplus-0-exid3,1064,247
3133,aflplusplus-0-exid3,1064,248
3134,aflplusplus-0-exid3,1064,249
3135,aflplusplus-0-exid3,1064,250
3136,aflplusplus-0-exid3,1064,251
3137,aflplusplus-0-exid3,1064,252
3138,aflplusplus-0-exid3,1064,253
3139,aflplusplus-0-exid3,1064,254
3140,aflplusplus-0-exid3,1064,255
3141,aflplusplus-0-exid3,1064,256
3142,aflplusplus-0-exid3,1064,257
3143,aflplusplus-0-exid3,1064,258
3144,aflplusplus-0-exid3,1064,259
3145,aflplusplus-0-exid3,1064,260
3146,aflplusplus-0-exid3,1064,261
3147,aflplusplus-0-exid3,1064,262
3148,aflplusplus-0-exid3,1064,263
3149,aflplusplus-0-exid3,1064,264
3150,aflplusplus-0-exid3,1064,265
3151,aflplusplus-0-exid3,1064,266
3152,aflplusplus-0-exid3,1064,267
3153,aflplusplus-0-exid3,1064,268
3154,aflplusplus-0-exid3,1064,269
3155,aflplusplus-0-exid3,1064,270
3156,aflplusplus-0-exid3,1064,271
3157,aflplusplus-0-exid3,1064,272
3158,aflplusplus-0-exid3,1064,273
3159,aflplusplus-0-exid3,1067,274
3160,aflplusplus-0-exid3,1067,275
3161,aflplusplus-0-exid3,1068,276
3162,aflplusplus-0-exid3,1068,277
3163,aflplusplus-0-exid3,1068,278
3164,aflplusplus-0-exid3,1068,279
3165,aflplusplus-0-exid3,1068,280
3166,aflplusplus-0-exid3,1068,281
3167,aflplusplus-0-exid3,1068,282
3168,aflplusplus-0-exid3,1068,283
3169,aflplusplus-0-exid3,1068,284
3170,aflplusplus-0-exid3,1068,285
3171,aflplusplus-0-exid3,1068,286
3172,aflplusplus-0-exid3,1068,287
3173,aflplusplus-0-exid3,1068,288
3174,aflplusplus-0-exid3,1068,289
3175,aflplusplus-0-exid3,1068,290
3176,aflplusplus-0-exid3,1068,291
3177,aflplusplus-0-exid3,1068,292
3178,aflplusplus-0-exid3,1068,293
3179,aflplusplus-0-exid3,1082,294
3180,aflplusplus-0-exid3,1082,295
3181,aflplusplus-0-exid3,1082,296
3182,aflplusplus-0-exid3,1082,297
3183,aflplusplus-0-exid3,1082,298
3184,aflplusplus-0-exid3,1082,299
3185,aflplusplus-0-exid3,1082,300
3186,aflplusplus-0-exid3,1082,301
3187,aflplusplus-0-exid3,1082,302
3188,aflplusplus-0-exid3,1082,303
3189,aflplusplus-0-exid3,1082,304
3190,aflplusplus-0-exid3,1082,305
3191,aflplusplus-0-exid3,1082,306
3192,aflplusplus-0-exid3,1082,307
3193,aflplusplus-0-exid3,1082,308
3194,aflplusplus-0-exid3,1082,309
3195,aflplusplus-0-exid3,1082,310
3196,aflplusplus-0-exid3,1082,311
3197,aflplusplus-0-exid3,1087,312
3198,aflplusplus-0-exid3,1087,313
3199,aflplusplus-0-exid3,1087,314
3200,aflplusplus-0-exid3,1087,315
3201,aflplusplus-0-exid3,1087,316
3202,aflplusplus-0-exid3,1087,317
3203,aflplusplus-0-exid3,1091,318
3204,aflplusplus-0-exid3,1091,319
3205,aflplusplus-0-exid3,1091,320
3206,aflplusplus-0-exid3,1091,321
3207,aflplusplus-0-exid3,1091,322
3208,aflplusplus-0-exid3,1091,323
3209,aflplusplus-0-exid3,1094,324
3210,aflplusplus-0-exid3,1094,325
3211,aflplusplus-0-exid3,1094,326
3212,aflplusplus-0-exid3,1094,327
3213,aflplusplus-0-exid3,1095,328
3214,aflplusplus-0-exid3,1095,329
3215,aflplusplus-0-exid3,1095,330
3216,aflplusplus-0-exid3,1095,331
3217,aflplusplus-0-exid3,1095,332
3218,aflplusplus-0-exid3,1095,333
3219,aflplusplus-0-exid3,1128,334
3220,aflplusplus-0-exid3,1139,335
3221,aflplusplus-0-exid3,1149,336
3222,aflplusplus-0-exid3,1149,337
3223,aflplusplus-0-exid3,1149,338
3224,aflplusplus-0-exid3,1149,339
3225,aflplusplus-0-exid3,1149,340
3226,aflplusplus-0-exid3,1149,341
3227,aflplusplus-0-exid3,1182,342
3228,aflplusplus-0-exid3,1186,343
3229,aflplusplus-0-exid3,1188,344
3230,aflplusplus-0-exid3,1188,345
3231,aflplusplus-0-exid3,1188,346
3232,aflplusplus-0-exid3,1188,347
3233,aflplusplus-0-exid3,1188,348
3234,aflplusplus-0-exid3,1188,349
3235,aflplusplus-0-exid3,1188,350
3236,aflplusplus-0-exid3,1188,351
3237,aflplusplus-0-exid3,1188,352
3238,aflplusplus-0-exid3,1188,353
3239,aflplusplus-0-exid3,1204,354
3240,aflplusplus-0-exid3,1204,355
3241,aflplusplus-0-exid3,1204,356
3242,aflplusplus-0-exid3,1204,357
3243,aflplusplus-0-exid3,1205,358
3244,aflplusplus-0-exid3,1205,359
3245,aflplusplus-0-exid3,1208,360
3246,aflplusplus-0-exid3,1208,361
3247,aflplusplus-0-exid3,1208,362
3248,aflplusplus-0-exid3,1208,363
3249,aflplusplus-0-exid3,1209,364
3250,aflplusplus-0-exid3,1209,365
3251,aflplusplus-0-exid3,1209,366
3252,aflplusplus-0-exid3,1209,367
3253,aflplusplus-0-exid3,1211,368
3254,aflplusplus-0-exid3,1212,369
3255,aflplusplus-0-exid3,1212,370
3256,aflplusplus-0-exid3,1212,371
3257,aflplusplus-0-exid3,1212,372
3258,aflplusplus-0-exid3,1214,373
3259,aflplusplus-0-exid3,1217,374
3260,aflplusplus-0-exid3,1219,375
3261,aflplusplus-0-exid3,1221,376
3262,aflplusplus-0-exid3,1221,377
3263,aflplusplus-0-exid3,1224,378
3264,aflplusplus-0-exid3,1228,379
3265,aflplusplus-0-exid3,1230,380
3266,aflplusplus-0-exid3,1230,381
3267,aflplusplus-0-exid3,1232,382
3268,aflplusplus-0-exid3,1232,383
3269,aflplusplus-0-exid3,1236,384
3270,aflplusplus-0-exid3,1236,385
3271,aflplusplus-0-exid3,1236,386
3272,aflplusplus-0-exid3,1236,387
3273,aflplusplus-0-exid3,1236,388
3274,aflplusplus-0-exid3,1236,389
3275,aflplusplus-0-exid3,1236,390
3276,aflplusplus-0-exid3,1236,391
3277,aflplusplus-0-exid3,1236,392
3278,aflplusplus-0-exid3,1236,393
3279,aflplusplus-0-exid3,1236,394
3280,aflplusplus-0-exid3,1236,395
3281,aflplusplus-0-exid3,1236,396
3282,aflplusplus-0-exid3,1261,397
3283,aflplusplus-0-exid3,1262,398
3284,aflplusplus-0-exid3,1262,399
3285,aflplusplus-0-exid3,1262,400
3286,aflplusplus-0-exid3,1263,401
3287,aflplusplus-0-exid3,1263,402
3288,aflplusplus-0-exid3,1263,403
3289,aflplusplus-0-exid3,1263,404
3290,aflplusplus-0-exid3,1263,405
3291,aflplusplus-0-exid3,1263,406
3292,aflplusplus-0-exid3,1263,407
3293,aflplusplus-0-exid3,1263,408
3294,aflplusplus-0-exid3,1263,409
3295,aflplusplus-0-exid3,1263,410
3296,aflplusplus-0-exid3,1263,411
3297,aflplusplus-0-exid3,1263,412
3298,aflplusplus-0-exid3,1263,413
3299,aflplusplus-0-exid3,1263,414
3300,aflplusplus-0-exid3,1263,415
3301,aflplusplus-0-exid3,1263,416
3302,aflplusplus-0-exid3,1263,417
3303,aflplusplus-0-exid3,1263,418
3304,aflplusplus-0-exid3,1263,419
3305,aflplusplus-0-exid3,1263,420
3306,aflplusplus-0-exid3,1263,421
3307,aflplusplus-0-exid3,1263,422
3308,aflplusplus-0-exid3,1263,423
3309,aflplusplus-0-exid3,1263,424
3310,aflplusplus-0-exid3,1263,425
3311,aflplusplus-0-exid3,1263,426
3312,aflplusplus-0-exid3,1263,427
3313,aflplusplus-0-exid3,1263,428
3314,aflplusplus-0-exid3,1263,429
3315,aflplusplus-0-exid3,1263,430
3316,aflplusplus-0-exid3,1263,431
3317,aflplusplus-0-exid3,1263,432
3318,aflplusplus-0-exid3,1263,433
3319,aflplusplus-0-exid3,1263,434
3320,aflplusplus-0-exid3,1263,435
3321,aflplusplus-0-exid3,1263,436
3322,aflplusplus-0-exid3,1263,437
3323,aflplusplus-0-exid3,1263,438
3324,aflplusplus-0-exid3,1263,439
3325,aflplusplus-0-exid3,1263,440
3326,aflplusplus-0-exid3,1263,441
3327,aflplusplus-0-exid3,1263,442
3328,aflplusplus-0-exid3,1263,443
3329,aflplusplus-0-exid3,1263,444
3330,aflplusplus-0-exid3,1263,445
3331,aflplusplus-0-exid3,1263,446
3332,aflplusplus-0-exid3,1263,447
3333,aflplusplus-0-exid3,1281,448
3334,aflplusplus-0-exid3,1282,449
3335,aflplusplus-0-exid3,1285,450
3336,aflplusplus-0-exid3,1285,451
3337,aflplusplus-0-exid3,1285,452
3338,aflplusplus-0-exid3,1287,453
3339,aflplusplus-0-exid3,1287,454
3340,aflplusplus-0-exid3,1287,455
3341,aflplusplus-0-exid3,1287,456
3342,aflplusplus-0-exid3,1287,457
3343,aflplusplus-0-exid3,1287,458
3344,aflplusplus-0-exid3,1287,459
3345,aflplusplus-0-exid3,1287,460
3346,aflplusplus-0-exid3,1287,461
3347,aflplusplus-0-exid3,1287,462
3348,aflplusplus-0-exid3,1287,463
3349,aflplusplus-0-exid3,1288,464
3350,aflplusplus-0-exid3,1288,465
3351,aflplusplus-0-exid3,1290,466
3352,aflplusplus-0-exid3,1290,467
3353,aflplusplus-0-exid3,1290,468
3354,aflplusplus-0-exid3,1290,469
3355,aflplusplus-0-exid3,1290,470
3356,aflplusplus-0-exid3,1290,471
3357,aflplusplus-0-exid3,1290,472
3358,aflplusplus-0-exid3,1290,473
3359,aflplusplus-0-exid3,1291,474
3360,aflplusplus-0-exid3,1291,475
3361,aflplusplus-0-exid3,1292,476
3362,aflplusplus-0-exid3,1292,477
3363,aflplusplus-0-exid3,1292,478
3364,aflplusplus-0-exid3,1292,479
3365,aflplusplus-0-exid3,1292,480
3366,aflplusplus-0-exid3,1292,481
3367,aflplusplus-0-exid3,1292,482
3368,aflplusplus-0-exid3,1292,483
3369,aflplusplus-0-exid3,1292,484
3370,aflplusplus-0-exid3,1292,485
3371,aflplusplus-0-exid3,1295,486
3372,aflplusplus-0-exid3,1295,487
3373,aflplusplus-0-exid3,1295,488
3374,aflplusplus-0-exid3,1295,489
3375,aflplusplus-0-exid3,1295,490
3376,aflplusplus-0-exid3,1295,491
3377,aflplusplus-0-exid3,1295,492
3378,aflplusplus-0-exid3,1295,493
3379,aflplusplus-0-exid3,1295,494
3380,aflplusplus-0-exid3,1295,495
3381,aflplusplus-0-exid3,1295,496
3382,aflplusplus-0-exid3,1295,497
3383,aflplusplus-0-exid3,1295,498
3384,aflplusplus-0-exid3,1295,499
3385,aflplusplus-0-exid3,1295,500
3386,aflplusplus-0-exid3,1295,501
3387,aflplusplus-0-exid3,1295,502
3388,aflplusplus-0-exid3,1295,503
3389,aflplusplus-0-exid3,1295,504
3390,aflplusplus-0-exid3,1295,505
3391,aflplusplus-0-exid3,1303,506
3392,aflplusplus-0-exid3,1304,507
3393,aflplusplus-0-exid3,1304,508
3394,aflplusplus-0-exid3,1304,509
3395,aflplusplus-0-exid3,1304,510
3396,aflplusplus-0-exid3,1305,511
3397,aflplusplus-0-exid3,1305,512
3398,aflplusplus-0-exid3,1305,513
3399,aflplusplus-0-exid3,1305,514
3400,aflplusplus-0-exid3,1305,515
3401,aflplusplus-0-exid3,1308,516
3402,aflplusplus-0-exid3,1308,517
3403,aflplusplus-0-exid3,1308,518
3404,aflplusplus-0-exid3,1308,519
3405,aflplusplus-0-exid3,1308,520
3406,aflplusplus-0-exid3,1308,521
3407,aflplusplus-0-exid3,1309,522
3408,aflplusplus-0-exid3,1309,523
3409,aflplusplus-0-exid3,1309,524
3410,aflplusplus-0-exid3,1309,525
3411,aflplusplus-0-exid3,1309,526
3412,aflplusplus-0-exid3,1311,527
3413,aflplusplus-0-exid3,1311,528
3414,aflplusplus-0-exid3,1311,529
3415,aflplusplus-0-exid3,1311,530
3416,aflplusplus-0-exid3,1311,531
3417,aflplusplus-0-exid3,1311,532
3418,aflplusplus-0-exid3,1311,533
3419,aflplusplus-0-exid3,1311,534
3420,aflplusplus-0-exid3,1311,535
3421,aflplusplus-0-exid3,1311,536
3422,aflplusplus-0-exid3,1311,537
3423,aflplusplus-0-exid3,1311,538
3424,aflplusplus-0-exid3,1311,539
3425,aflplusplus-0-exid3,1311,540
3426,aflplusplus-0-exid3,1311,541
3427,aflplusplus-0-exid3,1311,542
3428,aflplusplus-0-exid3,1311,543
3429,aflplusplus-0-exid3,1311,544
3430,aflplusplus-0-exid3,1311,545
3431,aflplusplus-0-exid3,1311,546
3432,aflplusplus-0-exid3,1311,547
3433,aflplusplus-0-exid3,1311,548
3434,aflplusplus-0-exid3,1311,549
3435,aflplusplus-0-exid3,1311,550
3436,aflplusplus-0-exid3,1311,551
3437,aflplusplus-0-exid3,1311,552
3438,aflplusplus-0-exid3,1311,553
3439,aflplusplus-0-exid3,1311,554
3440,aflplusplus-0-exid3,1311,555
3441,aflplusplus-0-exid3,1311,556
3442,aflplusplus-0-exid3,1322,557
3443,aflplusplus-0-exid3,1323,558
3444,aflplusplus-0-exid3,1323,559
3445,aflplusplus-0-exid3,1323,560
3446,aflplusplus-0-exid3,1323,561
3447,aflplusplus-0-exid3,1323,562
3448,aflplusplus-0-exid3,1323,563
3449,aflplusplus-0-exid3,1323,564
3450,aflplusplus-0-exid3,1323,565
3451,aflplusplus-0-exid3,1323,566
3452,aflplusplus-0-exid3,1323,567
3453,aflplusplus-0-exid3,1323,568
3454,aflplusplus-0-exid3,1324,569
3455,aflplusplus-0-exid3,1324,570
3456,aflplusplus-0-exid3,1324,571
3457,aflplusplus-0-exid3,1325,572
3458,aflplusplus-0-exid3,1325,573
3459,aflplusplus-0-exid3,1325,574
3460,aflplusplus-0-exid3,1325,575
3461,aflplusplus-0-exid3,1326,576
3462,aflplusplus-0-exid3,1326,577
3463,aflplusplus-0-exid3,1326,578
3464,aflplusplus-0-exid3,1326,579
3465,aflplusplus-0-exid3,1326,580
3466,aflplusplus-0-exid3,1326,581
3467,aflplusplus-0-exid3,1326,582
3468,aflplusplus-0-exid3,1326,583
3469,aflplusplus-0-exid3,1327,584
3470,aflplusplus-0-exid3,1329,585
3471,aflplusplus-0-exid3,1329,586
3472,aflplusplus-0-exid3,1329,587
3473,aflplusplus-0-exid3,1329,588
3474,aflplusplus-0-exid3,1329,589
3475,aflplusplus-0-exid3,1329,590
3476,aflplusplus-0-exid3,1329,591
3477,aflplusplus-0-exid3,1330,592
3478,aflplusplus-0-exid3,1330,593
3479,aflplusplus-0-exid3,1331,594
3480,aflplusplus-0-exid3,1331,595
3481,aflplusplus-0-exid3,1331,596
3482,aflplusplus-0-exid3,1331,597
3483,aflplusplus-0-exid3,1331,598
3484,aflplusplus-0-exid3,1331,599
3485,aflplusplus-0-exid3,1331,600
3486,aflplusplus-0-exid3,1331,601
3487,aflplusplus-0-exid3,1332,602
3488,aflplusplus-0-exid3,1332,603
3489,aflplusplus-0-exid3,1332,604
3490,aflplusplus-0-exid3,1332,605
3491,aflplusplus-0-exid3,1332,606
3492,aflplusplus-0-exid3,1332,607
3493,aflplusplus-0-exid3,1332,608
3494,aflplusplus-0-exid3,1332,609
3495,aflplusplus-0-exid3,1332,610
3496,aflplusplus-0-exid3,1332,611
3497,aflplusplus-0-exid3,1332,612
3498,aflplusplus-0-exid3,1332,613
3499,aflplusplus-0-exid3,1332,614
3500,aflplusplus-0-exid3,1332,615
3501,aflplusplus-0-exid3,1332,616
3502,aflplusplus-0-exid3,1332,617
3503,aflplusplus-0-exid3,1332,618
3504,aflplusplus-0-exid3,1332,619
3505,aflplusplus-0-exid3,1332,620
3506,aflplusplus-0-exid3,1332,621
3507,aflplusplus-0-exid3,1332,622
3508,aflplusplus-0-exid3,1332,623
3509,aflplusplus-0-exid3,1332,624
3510,aflplusplus-0-exid3,1332,625
3511,aflplusplus-0-exid3,1332,626
3512,aflplusplus-0-exid3,1332,627
3513,aflplusplus-0-exid3,1332,628
3514,aflplusplus-0-exid3,1332,629
3515,aflplusplus-0-exid3,1332,630
3516,aflplusplus-0-exid3,1332,631
3517,aflplusplus-0-exid3,1332,632
3518,aflplusplus-0-exid3,1332,633
3519,aflplusplus-0-exid3,1332,634
3520,aflplusplus-0-exid3,1332,635
3521,aflplusplus-0-exid3,1332,636
3522,aflplusplus-0-exid3,1332,637
3523,aflplusplus-0-exid3,1332,638
3524,aflplusplus-0-exid3,1332,639
3525,aflplusplus-0-exid3,1332,640
3526,aflplusplus-0-exid3,1332,641
3527,aflplusplus-0-exid3,1332,642
3528,aflplusplus-0-exid3,1332,643
3529,aflplusplus-0-exid3,1332,644
3530,aflplusplus-0-exid3,1332,645
3531,aflplusplus-0-exid3,1333,646
3532,aflplusplus-0-exid3,1333,647
3533,aflplusplus-0-exid3,1333,648
3534,aflplusplus-0-exid3,1333,649
3535,aflplusplus-0-exid3,1333,650
3536,aflplusplus-0-exid3,1333,651
3537,aflplusplus-0-exid3,1333,652
3538,aflplusplus-0-exid3,1333,653
3539,aflplusplus-0-exid3,1333,654
3540,aflplusplus-0-exid3,1333,655
3541,aflplusplus-0-exid3,1333,656
3542,aflplusplus-0-exid3,1335,657
3543,aflplusplus-0-exid3,1335,658
3544,aflplusplus-0-exid3,1336,659
3545,aflplusplus-0-exid3,1336,660
3546,aflplusplus-0-exid3,1337,661
3547,aflplusplus-0-exid3,1337,662
3548,aflplusplus-0-exid3,1337,663
3549,aflplusplus-0-exid3,1337,664
3550,aflplusplus-0-exid3,1337,665
3551,aflplusplus-0-exid3,1337,666
3552,aflplusplus-0-exid3,1337,667
3553,aflplusplus-0-exid3,1337,668
3554,aflplusplus-0-exid3,1337,669
3555,aflplusplus-0-exid3,1337,670
3556,aflplusplus-0-exid3,1337,671
3557,aflplusplus-0-exid3,1337,672
3558,aflplusplus-0-exid3,1337,673
3559,aflplusplus-0-exid3,1337,674
3560,aflplusplus-0-exid3,1337,675
3561,aflplusplus-0-exid3,1339,676
3562,aflplusplus-0-exid3,1339,677
3563,aflplusplus-0-exid3,1339,678
3564,aflplusplus-0-exid3,1339,679
3565,aflplusplus-0-exid3,1340,680
3566,aflplusplus-0-exid3,1340,681
3567,aflplusplus-0-exid3,1340,682
3568,aflplusplus-0-exid3,1340,683
3569,aflplusplus-0-exid3,1340,684
3570,aflplusplus-0-exid3,1340,685
3571,aflplusplus-0-exid3,1340,686
3572,aflplusplus-0-exid3,1340,687
3573,aflplusplus-0-exid3,1342,688
3574,aflplusplus-0-exid3,1342,689
3575,aflplusplus-0-exid3,1342,690
3576,aflplusplus-0-exid3,1342,691
3577,aflplusplus-0-exid3,1342,692
3578,aflplusplus-0-exid3,1342,693
3579,aflplusplus-0-exid3,1342,694
3580,aflplusplus-0-exid3,1342,695
3581,aflplusplus-0-exid3,1342,696
3582,aflplusplus-0-exid3,1342,697
3583,aflplusplus-0-exid3,1342,698
3584,aflplusplus-0-exid3,1342,699
3585,aflplusplus-0-exid3,1342,700
3586,aflplusplus-0-exid3,1342,701
3587,aflplusplus-0-exid3,1342,702
3588,aflplusplus-0-exid3,1342,703
3589,aflplusplus-0-exid3,1342,704
3590,aflplusplus-0-exid3,1346,705
3591,aflplusplus-0-exid3,1346,706
3592,aflplusplus-0-exid3,1346,707
3593,aflplusplus-0-exid3,1346,708
3594,aflplusplus-0-exid3,1346,709
3595,aflplusplus-0-exid3,1346,710
3596,aflplusplus-0-exid3,1346,711
3597,aflplusplus-0-exid3,1346,712
3598,aflplusplus-0-exid3,1346,713
3599,aflplusplus-0-exid3,1346,714
3600,aflplusplus-0-exid3,1346,715
3601,aflplusplus-0-exid3,1346,716
3602,aflplusplus-0-exid3,1346,717
3603,aflplusplus-0-exid3,1346,718
3604,aflplusplus-0-exid3,1346,719
3605,aflplusplus-0-exid3,1346,720
3606,aflplusplus-0-exid3,1346,721
3607,aflplusplus-0-exid3,1346,722
3608,aflplusplus-0-exid3,1346,723
3609,aflplusplus-0-exid3,1346,724
3610,aflplusplus-0-exid3,1346,725
3611,aflplusplus-0-exid3,1346,726
3612,aflplusplus-0-exid3,1348,727
3613,aflplusplus-0-exid3,1348,728
3614,aflplusplus-0-exid3,1348,729
3615,aflplusplus-0-exid3,1348,730
3616,aflplusplus-0-exid3,1348,731
3617,aflplusplus-0-exid3,1348,732
3618,aflplusplus-0-exid3,1348,733
3619,aflplusplus-0-exid3,1348,734
3620,aflplusplus-0-exid3,1350,735
3621,aflplusplus-0-exid3,1351,736
3622,aflplusplus-0-exid3,1351,737
3623,aflplusplus-0-exid3,1352,738
3624,aflplusplus-0-exid3,1352,739
3625,aflplusplus-0-exid3,1352,740
3626,aflplusplus-0-exid3,1352,741
3627,aflplusplus-0-exid3,1352,742
3628,aflplusplus-0-exid3,1352,743
3629,aflplusplus-0-exid3,1352,744
3630,aflplusplus-0-exid3,1352,745
3631,aflplusplus-0-exid3,1352,746
3632,aflplusplus-0-exid3,1352,747
3633,aflplusplus-0-exid3,1352,748
3634,aflplusplus-0-exid3,1352,749
3635,aflplusplus-0-exid3,1352,750
3636,aflplusplus-0-exid3,1352,751
3637,aflplusplus-0-exid3,1352,752
3638,aflplusplus-0-exid3,1352,753
3639,aflplusplus-0-exid3,1353,754
3640,aflplusplus-0-exid3,1353,755
3641,aflplusplus-0-exid3,1353,756
3642,aflplusplus-0-exid3,1353,757
3643,aflplusplus-0-exid3,1353,758
3644,aflplusplus-0-exid3,1353,759
3645,aflplusplus-0-exid3,1353,760
3646,aflplusplus-0-exid3,1353,761
3647,aflplusplus-0-exid3,1353,762
3648,aflplusplus-0-exid3,1353,763
3649,aflplusplus-0-exid3,1353,764
3650,aflplusplus-0-exid3,1353,765
3651,aflplusplus-0-exid3,1353,766
3652,aflplusplus-0-exid3,1353,767
3653,aflplusplus-0-exid3,1353,768
3654,aflplusplus-0-exid3,1353,769
3655,aflplusplus-0-exid3,1353,770
3656,aflplusplus-0-exid3,1358,771
3657,aflplusplus-0-exid3,1358,772
3658,aflplusplus-0-exid3,1358,773
3659,aflplusplus-0-exid3,1358,774
3660,aflplusplus-0-exid3,1358,775
3661,aflplusplus-0-exid3,1359,776
3662,aflplusplus-0-exid3,1359,777
3663,aflplusplus-0-exid3,1359,778
3664,aflplusplus-0-exid3,1359,779
3665,aflplusplus-0-exid3,1359,780
3666,aflplusplus-0-exid3,1359,781
3667,aflplusplus-0-exid3,1359,782
3668,aflplusplus-0-exid3,1359,783
3669,aflplusplus-0-exid3,1359,784
3670,aflplusplus-0-exid3,1359,785
3671,aflplusplus-0-exid3,1359,786
3672,aflplusplus-0-exid3,1359,787
3673,aflplusplus-0-exid3,1360,788
3674,aflplusplus-0-exid3,1360,789
3675,aflplusplus-0-exid3,1360,790
3676,aflplusplus-0-exid3,1360,791
3677,aflplusplus-0-exid3,1360,792
3678,aflplusplus-0-exid3,1364,793
3679,aflplusplus-0-exid3,1365,794
3680,aflplusplus-0-exid3,1365,795
3681,aflplusplus-0-exid3,1365,796
3682,aflplusplus-0-exid3,1365,797
3683,aflplusplus-0-exid3,1365,798
3684,aflplusplus-0-exid3,1369,799
3685,aflplusplus-0-exid3,1369,800
3686,aflplusplus-0-exid3,1369,801
3687,aflplusplus-0-exid3,1369,802
3688,aflplusplus-0-exid3,1369,803
3689,aflplusplus-0-exid3,1369,804
3690,aflplusplus-0-exid3,1369,805
3691,aflplusplus-0-exid3,1369,806
3692,aflplusplus-0-exid3,1369,807
3693,aflplusplus-0-exid3,1369,808
3694,aflplusplus-0-exid3,1369,809
3695,aflplusplus-0-exid3,1369,810
3696,aflplusplus-0-exid3,1369,811
3697,aflplusplus-0-exid3,1372,812
3698,aflplusplus-0-exid3,1372,813
3699,aflplusplus-0-exid3,1372,814
3700,aflplusplus-0-exid3,1372,815
3701,aflplusplus-0-exid3,1372,816
3702,aflplusplus-0-exid3,1372,817
3703,aflplusplus-0-exid3,1372,818
3704,aflplusplus-0-exid3,1372,819
3705,aflplusplus-0-exid3,1372,820
3706,aflplusplus-0-exid3,1372,821
3707,aflplusplus-0-exid3,1372,822
3708,aflplusplus-0-exid3,1372,823
3709,aflplusplus-0-exid3,1372,824
3710,aflplusplus-0-exid3,1372,825
3711,aflplusplus-0-exid3,1372,826
3712,aflplusplus-0-exid3,1372,827
3713,aflplusplus-0-exid3,1372,828
3714,aflplusplus-0-exid3,1373,829
3715,aflplusplus-0-exid3,1373,830
3716,aflplusplus-0-exid3,1373,831
3717,aflplusplus-0-exid3,1373,832
3718,aflplusplus-0-exid3,1373,833
3719,aflplusplus-0-exid3,1373,834
3720,aflplusplus-0-exid3,1373,835
3721,aflplusplus-0-exid3,1373,836
3722,aflplusplus-0-exid3,1373,837
3723,aflplusplus-0-exid3,1373,838
3724,aflplusplus-0-exid3,1373,839
3725,aflplusplus-0-exid3,1373,840
3726,aflplusplus-0-exid3,1373,841
3727,aflplusplus-0-exid3,1373,842
3728,aflplusplus-0-exid3,1373,843
3729,aflplusplus-0-exid3,1373,844
3730,aflplusplus-0-exid3,1373,845
3731,aflplusplus-0-exid3,1373,846
3732,aflplusplus-0-exid3,1373,847
3733,aflplusplus-0-exid3,1376,848
3734,aflplusplus-0-exid3,1376,849
3735,aflplusplus-0-exid3,1376,850
3736,aflplusplus-0-exid3,1377,851
3737,aflplusplus-0-exid3,1377,852
3738,aflplusplus-0-exid3,1377,853
3739,aflplusplus-0-exid3,1377,854
3740,aflplusplus-0-exid3,1377,855
3741,aflplusplus-0-exid3,1377,856
3742,aflplusplus-0-exid3,1377,857
3743,aflplusplus-0-exid3,1377,858
3744,aflplusplus-0-exid3,1377,859
3745,aflplusplus-0-exid3,1377,860
3746,aflplusplus-0-exid3,1380,861
3747,aflplusplus-0-exid3,1380,862
3748,aflplusplus-0-exid3,1380,863
3749,aflplusplus-0-exid3,1380,864
3750,aflplusplus-0-exid3,1380,865
3751,aflplusplus-0-exid3,1380,866
3752,aflplusplus-0-exid3,1380,867
3753,aflplusplus-0-exid3,1380,868
3754,aflplusplus-0-exid3,1380,869
3755,aflplusplus-0-exid3,1380,870
3756,aflplusplus-0-exid3,1380,871
3757,aflplusplus-0-exid3,1380,872
3758,aflplusplus-0-exid3,1380,873
3759,aflplusplus-0-exid3,1380,874
3760,aflplusplus-0-exid3,1380,875
3761,aflplusplus-0-exid3,1380,876
3762,aflplusplus-0-exid3,1380,877
3763,aflplusplus-0-exid3,1380,878
3764,aflplusplus-0-exid3,1380,879
3765,aflplusplus-0-exid3,1380,880
3766,aflplusplus-0-exid3,1380,881
3767,aflplusplus-0-exid3,1380,882
3768,aflplusplus-0-exid3,1380,883
3769,aflplusplus-0-exid3,1380,884
3770,aflplusplus-0-exid3,1380,885
3771,aflplusplus-0-exid3,1380,886
3772,aflplusplus-0-exid3,1380,887
3773,aflplusplus-0-exid3,1380,888
3774,aflplusplus-0-exid3,1380,889
3775,aflplusplus-0-exid3,1380,890
3776,aflplusplus-0-exid3,1380,891
3777,aflplusplus-0-exid3,1380,892
3778,aflplusplus-0-exid3,1380,893
3779,aflplusplus-0-exid3,1380,894
3780,aflplusplus-0-exid3,1380,895
3781,aflplusplus-0-exid3,1380,896
3782,aflplusplus-0-exid3,1380,897
3783,aflplusplus-0-exid3,1380,898
3784,aflplusplus-0-exid3,1380,899
3785,aflplusplus-0-exid3,1380,900
3786,aflplusplus-0-exid3,1380,901
3787,aflplusplus-0-exid3,1380,902
3788,aflplusplus-0-exid3,1380,903
3789,aflplusplus-0-exid3,1380,904
3790,aflplusplus-0-exid3,1380,905
3791,aflplusplus-0-exid3,1380,906
3792,aflplusplus-0-exid3,1380,907
3793,aflplusplus-0-exid3,1380,908
3794,aflplusplus-0-exid3,1380,909
3795,aflplusplus-0-exid3,1380,910
3796,aflplusplus-0-exid3,1380,911
3797,aflplusplus-0-exid3,1380,912
3798,aflplusplus-0-exid3,1380,913
3799,aflplusplus-0-exid3,1380,914
3800,aflplusplus-0-exid3,1380,915
3801,aflplusplus-0-exid3,1380,916
3802,aflplusplus-0-exid3,1380,917
3803,aflplusplus-0-exid3,1380,918
3804,aflplusplus-0-exid3,1380,919
3805,aflplusplus-0-exid3,1380,920
3806,aflplusplus-0-exid3,1380,921
3807,aflplusplus-0-exid3,1380,922
3808,aflplusplus-0-exid3,1380,923
3809,aflplusplus-0-exid3,1382,924
3810,aflplusplus-0-exid3,1382,925
3811,aflplusplus-0-exid3,1386,926
3812,aflplusplus-0-exid3,1386,927
3813,aflplusplus-0-exid3,1386,928
3814,aflplusplus-0-exid3,1386,929
3815,aflplusplus-0-exid3,1386,930
3816,aflplusplus-0-exid3,1386,931
3817,aflplusplus-0-exid3,1386,932
3818,aflplusplus-0-exid3,1386,933
3819,aflplusplus-0-exid3,1386,934
3820,aflplusplus-0-exid3,1386,935
3821,aflplusplus-0-exid3,1386,936
3822,aflplusplus-0-exid3,1386,937
3823,aflplusplus-0-exid3,1386,938
3824,aflplusplus-0-exid3,1386,939
3825,aflplusplus-0-exid3,1386,940
3826,aflplusplus-0-exid3,1386,941
3827,aflplusplus-0-exid3,1386,942
3828,aflplusplus-0-exid3,1386,943
3829,aflplusplus-0-exid3,1386,944
3830,aflplusplus-0-exid3,1386,945
3831,aflplusplus-0-exid3,1386,946
3832,aflplusplus-0-exid3,1386,947
3833,aflplusplus-0-exid3,1386,948
3834,aflplusplus-0-exid3,1386,949
3835,aflplusplus-0-exid3,1386,950
3836,aflplusplus-0-exid3,1386,951
3837,aflplusplus-0-exid3,1387,952
3838,aflplusplus-0-exid3,1387,953
3839,aflplusplus-0-exid3,1387,954
3840,aflplusplus-0-exid3,1387,955
3841,aflplusplus-0-exid3,1387,956
3842,aflplusplus-0-exid3,1387,957
3843,aflplusplus-0-exid3,1387,958
3844,aflplusplus-0-exid3,1387,959
3845,aflplusplus-0-exid3,1387,960
3846,aflplusplus-0-exid3,1387,961
3847,aflplusplus-0-exid3,1387,962
3848,aflplusplus-0-exid3,1387,963
3849,aflplusplus-0-exid3,1387,964
3850,aflplusplus-0-exid3,1387,965
3851,aflplusplus-0-exid3,1387,966
3852,aflplusplus-0-exid3,1387,967
3853,aflplusplus-0-exid3,1387,968
3854,aflplusplus-0-exid3,1387,969
3855,aflplusplus-0-exid3,1387,970
3856,aflplusplus-0-exid3,1387,971
3857,aflplusplus-0-exid3,1387,972
3858,aflplusplus-0-exid3,1387,973
3859,aflplusplus-0-exid3,1387,974
3860,aflplusplus-0-exid3,1387,975
3861,aflplusplus-0-exid3,1387,976
3862,aflplusplus-0-exid3,1387,977
3863,aflplusplus-0-exid3,1387,978
3864,aflplusplus-0-exid3,1387,979
3865,aflplusplus-0-exid3,1387,980
3866,aflplusplus-0-exid3,1387,981
3867,aflplusplus-0-exid3,1387,982
3868,aflplusplus-0-exid3,1387,983
3869,aflplusplus-0-exid3,1387,984
3870,aflplusplus-0-exid3,1387,985
3871,aflplusplus-0-exid3,1387,986
3872,aflplusplus-0-exid3,1387,987
3873,aflplusplus-0-exid3,1387,988
3874,aflplusplus-0-exid3,1387,989
3875,aflplusplus-0-exid3,1387,990
3876,aflplusplus-0-exid3,1387,991
3877,aflplusplus-0-exid3,1387,992
3878,aflplusplus-0-exid3,1387,993
3879,aflplusplus-0-exid3,1387,994
3880,aflplusplus-0-exid3,1387,995
3881,aflplusplus-0-exid3,1387,996
3882,aflplusplus-0-exid3,1387,997
3883,aflplusplus-0-exid3,1387,998
3884,aflplusplus-0-exid3,1387,999
3885,aflplusplus-0-exid3,1387,1000
3886,aflplusplus-0-exid3,1387,1001
3887,aflplusplus-0-exid3,1387,1002
3888,aflplusplus-0-exid3,1387,1003
3889,aflplusplus-0-exid3,1387,1004
3890,aflplusplus-0-exid3,1387,1005
3891,aflplusplus-0-exid3,1387,1006
3892,aflplusplus-0-exid3,1387,1007
3893,aflplusplus-0-exid3,1387,1008
3894,aflplusplus-0-exid3,1387,1009
3895,aflplusplus-0-exid3,1387,1010
3896,aflplusplus-0-exid3,1387,1011
3897,aflplusplus-0-exid3,1387,1012
3898,aflplusplus-0-exid3,1387,1013
3899,aflplusplus-0-exid3,1387,1014
3900,aflplusplus-0-exid3,1387,1015
3901,aflplusplus-0-exid3,1387,1016
3902,aflplusplus-0-exid3,1387,1017
3903,aflplusplus-0-exid3,1387,1018
3904,aflplusplus-0-exid3,1387,1019
3905,aflplusplus-0-exid3,1387,1020
3906,aflplusplus-0-exid3,1387,1021
3907,aflplusplus-0-exid3,1387,1022
3908,aflplusplus-0-exid3,1387,1023
3909,aflplusplus-0-exid3,1387,1024
3910,aflplusplus-0-exid3,1387,1025
3911,aflplusplus-0-exid3,1387,1026
3912,aflplusplus-0-exid3,1387,1027
3913,aflplusplus-0-exid3,1387,1028
3914,aflplusplus-0-exid3,1388,1029
3915,aflplusplus-0-exid3,1388,1030
3916,aflplusplus-0-exid3,1388,1031
3917,aflplusplus-0-exid3,1388,1032
3918,aflplusplus-0-exid3,1388,1033
3919,aflplusplus-0-exid3,1388,1034
3920,aflplusplus-0-exid3,1388,1035
3921,aflplusplus-0-exid3,1389,1036
3922,aflplusplus-0-exid3,1389,1037
3923,aflplusplus-0-exid3,1391,1038
3924,aflplusplus-0-exid3,1391,1039
3925,aflplusplus-0-exid3,1393,1040
3926,aflplusplus-0-exid3,1393,1041
3927,aflplusplus-0-exid3,1393,1042
3928,aflplusplus-0-exid3,1393,1043
3929,aflplusplus-0-exid3,1393,1044
3930,aflplusplus-0-exid3,1393,1045
3931,aflplusplus-0-exid3,1393,1046
3932,aflplusplus-0-exid3,1394,1047
3933,aflplusplus-0-exid3,1394,1048
3934,aflplusplus-0-exid3,1398,1049
3935,aflplusplus-0-exid3,1400,1050
3936,aflplusplus-0-exid3,1400,1051
3937,aflplusplus-0-exid3,1400,1052
3938,aflplusplus-0-exid3,1400,1053
3939,aflplusplus-0-exid3,1400,1054
3940,aflplusplus-0-exid3,1400,1055
3941,aflplusplus-0-exid3,1400,1056
3942,aflplusplus-0-exid3,1400,1057
3943,aflplusplus-0-exid3,1400,1058
3944,aflplusplus-0-exid3,1400,1059
3945,aflplusplus-0-exid3,1400,1060
3946,aflplusplus-0-exid3,1400,1061
3947,aflplusplus-0-exid3,1400,1062
3948,aflplusplus-0-exid3,1401,1063
3949,aflplusplus-0-exid3,1401,1064
3950,aflplusplus-0-exid3,1401,1065
3951,aflplusplus-0-exid3,1401,1066
3952,aflplusplus-0-exid3,1401,1067
3953,aflplusplus-0-exid3,1401,1068
3954,aflplusplus-0-exid3,1401,1069
3955,aflplusplus-0-exid3,1401,1070
3956,aflplusplus-0-exid3,1401,1071
3957,aflplusplus-0-exid3,1401,1072
3958,aflplusplus-0-exid3,1401,1073
3959,aflplusplus-0-exid3,1401,1074
3960,aflplusplus-0-exid3,1401,1075
3961,aflplusplus-0-exid3,1401,1076
3962,aflplusplus-0-exid3,1401,1077
3963,aflplusplus-0-exid3,1401,1078
3964,aflplusplus-0-exid3,1401,1079
3965,aflplusplus-0-exid3,1401,1080
3966,aflplusplus-0-exid3,1401,1081
3967,aflplusplus-0-exid3,1401,1082
3968,aflplusplus-0-exid3,1401,1083
3969,aflplusplus-0-exid3,1401,1084
3970,aflplusplus-0-exid3,1401,1085
3971,aflplusplus-0-exid3,1401,1086
3972,aflplusplus-0-exid3,1401,1087
3973,aflplusplus-0-exid3,1401,1088
3974,aflplusplus-0-exid3,1401,1089
3975,aflplusplus-0-exid3,1401,1090
3976,aflplusplus-0-exid3,1401,1091
3977,aflplusplus-0-exid3,1406,1092
3978,aflplusplus-0-exid3,1406,1093
3979,aflplusplus-0-exid3,1406,1094
3980,aflplusplus-0-exid3,1406,1095
3981,aflplusplus-0-exid3,1406,1096
3982,aflplusplus-0-exid3,1406,1097
3983,aflplusplus-0-exid3,1406,1098
3984,aflplusplus-0-exid3,1406,1099
3985,aflplusplus-0-exid3,1406,1100
3986,aflplusplus-0-exid3,1408,1101
3987,aflplusplus-0-exid3,1408,1102
3988,aflplusplus-0-exid3,1408,1103
3989,aflplusplus-0-exid3,1408,1104
3990,aflplusplus-0-exid3,1408,1105
3991,aflplusplus-0-exid3,1408,1106
3992,aflplusplus-0-exid3,1408,1107
3993,aflplusplus-0-exid3,1408,1108
3994,aflplusplus-0-exid3,1408,1109
3995,aflplusplus-0-exid3,1409,1110
3996,aflplusplus-0-exid3,1409,1111
3997,aflplusplus-0-exid3,1409,1112
3998,aflplusplus-0-exid3,1409,1113
3999,aflplusplus-0-exid3,1409,1114
4000,aflplusplus-0-exid3,1409,1115
4001,aflplusplus-0-exid3,1409,1116
4002,aflplusplus-0-exid3,1409,1117
4003,aflplusplus-0-exid3,1409,1118
4004,aflplusplus-0-exid3,1409,1119
4005,aflplusplus-0-exid3,1409,1120
4006,aflplusplus-0-exid3,1409,1121
4007,aflplusplus-0-exid3,1409,1122
4008,aflplusplus-0-exid3,1409,1123
4009,aflplusplus-0-exid3,1409,1124
4010,aflplusplus-0-exid3,1409,1125
4011,aflplusplus-0-exid3,1409,1126
4012,aflplusplus-0-exid3,1409,1127
4013,aflplusplus-0-exid3,1409,1128
4014,aflplusplus-0-exid3,1409,1129
4015,aflplusplus-0-exid3,1409,1130
4016,aflplusplus-0-exid3,1409,1131
4017,aflplusplus-0-exid3,1409,1132
4018,aflplusplus-0-exid3,1409,1133
4019,aflplusplus-0-exid3,1409,1134
4020,aflplusplus-0-exid3,1409,1135
4021,aflplusplus-0-exid3,1409,1136
4022,aflplusplus-0-exid3,1409,1137
4023,aflplusplus-0-exid3,1409,1138
4024,aflplusplus-0-exid3,1409,1139
4025,aflplusplus-0-exid3,1409,1140
4026,aflplusplus-0-exid3,1409,1141
4027,aflplusplus-0-exid3,1409,1142
4028,aflplusplus-0-exid3,1409,1143
4029,aflplusplus-0-exid3,1409,1144
4030,aflplusplus-0-exid3,1409,1145
4031,aflplusplus-0-exid3,1409,1146
4032,aflplusplus-0-exid3,1409,1147
4033,aflplusplus-0-exid3,1409,1148
4034,aflplusplus-0-exid3,1409,1149
4035,aflplusplus-0-exid3,1409,1150
4036,aflplusplus-0-exid3,1409,1151
4037,aflplusplus-0-exid3,1409,1152
4038,aflplusplus-0-exid3,1409,1153
4039,aflplusplus-0-exid3,1409,1154
4040,aflplusplus-0-exid3,1409,1155
4041,aflplusplus-0-exid3,1412,1156
4042,aflplusplus-0-exid3,1412,1157
4043,aflplusplus-0-exid3,1412,1158
4044,aflplusplus-0-exid3,1413,1159
4045,aflplusplus-0-exid3,1413,1160
4046,aflplusplus-0-exid3,1413,1161
4047,aflplusplus-0-exid3,1413,1162
4048,aflplusplus-0-exid3,1413,1163
4049,aflplusplus-0-exid3,1413,1164
4050,aflplusplus-0-exid3,1413,1165
4051,aflplusplus-0-exid3,1413,1166
4052,aflplusplus-0-exid3,1413,1167
4053,aflplusplus-0-exid3,1415,1168
4054,aflplusplus-0-exid3,1415,1169
4055,aflplusplus-0-exid3,1415,1170
4056,aflplusplus-0-exid3,1415,1171
4057,aflplusplus-0-exid3,1415,1172
4058,aflplusplus-0-exid3,1415,1173
4059,aflplusplus-0-exid3,1415,1174
4060,aflplusplus-0-exid3,1415,1175
4061,aflplusplus-0-exid3,1415,1176
4062,aflplusplus-0-exid3,1415,1177
4063,aflplusplus-0-exid3,1415,1178
4064,aflplusplus-0-exid3,1415,1179
4065,aflplusplus-0-exid3,1415,1180
4066,aflplusplus-0-exid3,1415,1181
4067,aflplusplus-0-exid3,1415,1182
4068,aflplusplus-0-exid3,1415,1183
4069,aflplusplus-0-exid3,1415,1184
4070,aflplusplus-0-exid3,1415,1185
4071,aflplusplus-0-exid3,1415,1186
4072,aflplusplus-0-exid3,1415,1187
4073,aflplusplus-0-exid3,1415,1188
4074,aflplusplus-0-exid3,1415,1189
4075,aflplusplus-0-exid3,1415,1190
4076,aflplusplus-0-exid3,1415,1191
4077,aflplusplus-0-exid3,1415,1192
4078,aflplusplus-0-exid3,1415,1193
4079,aflplusplus-0-exid3,1415,1194
4080,aflplusplus-0-exid3,1417,1195
4081,aflplusplus-0-exid3,1417,1196
4082,aflplusplus-0-exid3,1417,1197
4083,aflplusplus-0-exid3,1417,1198
4084,aflplusplus-0-exid3,1417,1199
4085,aflplusplus-0-exid3,1417,1200
4086,aflplusplus-0-exid3,1417,1201
4087,aflplusplus-0-exid3,1417,1202
4088,aflplusplus-0-exid3,1417,1203
4089,aflplusplus-0-exid3,1417,1204
4090,aflplusplus-0-exid3,1417,1205
4091,aflplusplus-0-exid3,1417,1206
4092,aflplusplus-0-exid3,1417,1207
4093,aflplusplus-0-exid3,1417,1208
4094,aflplusplus-0-exid3,1417,1209
4095,aflplusplus-0-exid3,1417,1210
4096,aflplusplus-0-exid3,1417,1211
4097,aflplusplus-0-exid3,1417,1212
4098,aflplusplus-0-exid3,1417,1213
4099,aflplusplus-0-exid3,1417,1214
4100,aflplusplus-0-exid3,1417,1215
4101,aflplusplus-0-exid3,1417,1216
4102,aflplusplus-0-exid3,1417,1217
4103,aflplusplus-0-exid3,1417,1218
4104,aflplusplus-0-exid3,1417,1219
4105,aflplusplus-0-exid3,1417,1220
4106,aflplusplus-0-exid3,1417,1221
4107,aflplusplus-0-exid3,1417,1222
4108,aflplusplus-0-exid3,1417,1223
4109,aflplusplus-0-exid3,1417,1224
4110,aflplusplus-0-exid3,1417,1225
4111,aflplusplus-0-exid3,1417,1226
4112,aflplusplus-0-exid3,1417,1227
4113,aflplusplus-0-exid3,1417,1228
4114,aflplusplus-0-exid3,1417,1229
4115,aflplusplus-0-exid3,1417,1230
4116,aflplusplus-0-exid3,1417,1231
4117,aflplusplus-0-exid3,1417,1232
4118,aflplusplus-0-exid3,1417,1233
4119,aflplusplus-0-exid3,1417,1234
4120,aflplusplus-0-exid3,1417,1235
4121,aflplusplus-0-exid3,1417,1236
4122,aflplusplus-0-exid3,1417,1237
4123,aflplusplus-0-exid3,1417,1238
4124,aflplusplus-0-exid3,1417,1239
4125,aflplusplus-0-exid3,1417,1240
4126,aflplusplus-0-exid3,1417,1241
4127,aflplusplus-0-exid3,1417,1242
4128,aflplusplus-0-exid3,1417,1243
4129,aflplusplus-0-exid3,1417,1244
4130,aflplusplus-0-exid3,1418,1245
4131,aflplusplus-0-exid3,1418,1246
4132,aflplusplus-0-exid3,1418,1247
4133,aflplusplus-0-exid3,1418,1248
4134,aflplusplus-0-exid3,1418,1249
4135,aflplusplus-0-exid3,1418,1250
4136,aflplusplus-0-exid3,1418,1251
4137,aflplusplus-0-exid3,1418,1252
4138,aflplusplus-0-exid3,1418,1253
4139,aflplusplus-0-exid3,1418,1254
4140,aflplusplus-0-exid3,1418,1255
4141,aflplusplus-0-exid3,1418,1256
4142,aflplusplus-0-exid3,1418,1257
4143,aflplusplus-0-exid3,1418,1258
4144,aflplusplus-0-exid3,1418,1259
4145,aflplusplus-0-exid3,1418,1260
4146,aflplusplus-0-exid3,1418,1261
4147,aflplusplus-0-exid3,1418,1262
4148,aflplusplus-0-exid3,1418,1263
4149,aflplusplus-0-exid3,1418,1264
4150,aflplusplus-0-exid3,1418,1265
4151,aflplusplus-0-exid3,1418,1266
4152,aflplusplus-0-exid3,1418,1267
4153,aflplusplus-0-exid3,1418,1268
4154,aflplusplus-0-exid3,1418,1269
4155,aflplusplus-0-exid3,1418,1270
4156,aflplusplus-0-exid3,1418,1271
4157,aflplusplus-0-exid3,1418,1272
4158,aflplusplus-0-exid3,1418,1273
4159,aflplusplus-0-exid3,1418,1274
4160,aflplusplus-0-exid3,1418,1275
4161,aflplusplus-0-exid3,1418,1276
4162,aflplusplus-0-exid3,1418,1277
4163,aflplusplus-0-exid3,1418,1278
4164,aflplusplus-0-exid3,1418,1279
4165,aflplusplus-0-exid3,1418,1280
4166,aflplusplus-0-exid3,1418,1281
4167,aflplusplus-0-exid3,1418,1282
4168,aflplusplus-0-exid3,1419,1283
4169,aflplusplus-0-exid3,1419,1284
4170,aflplusplus-0-exid3,1419,1285
4171,aflplusplus-0-exid3,1419,1286
4172,aflplusplus-0-exid3,1419,1287
4173,aflplusplus-0-exid3,1419,1288
4174,aflplusplus-0-exid3,1419,1289
4175,aflplusplus-0-exid3,1419,1290
4176,aflplusplus-0-exid3,1419,1291
4177,aflplusplus-0-exid3,1419,1292
4178,aflplusplus-0-exid3,1419,1293
4179,aflplusplus-0-exid3,1419,1294
4180,aflplusplus-0-exid3,1419,1295
4181,aflplusplus-0-exid3,1419,1296
4182,aflplusplus-0-exid3,1419,1297
4183,aflplusplus-0-exid3,1419,1298
4184,aflplusplus-0-exid3,1419,1299
4185,aflplusplus-0-exid3,1419,1300
4186,aflplusplus-0-exid3,1419,1301
4187,aflplusplus-0-exid3,1420,1302
4188,aflplusplus-0-exid3,1420,1303
4189,aflplusplus-0-exid3,1420,1304
4190,aflplusplus-0-exid3,1420,1305
4191,aflplusplus-0-exid3,1421,1306
4192,aflplusplus-0-exid3,1421,1307
4193,aflplusplus-0-exid3,1421,1308
4194,aflplusplus-0-exid3,1421,1309
4195,aflplusplus-0-exid3,1421,1310
4196,aflplusplus-0-exid3,1421,1311
4197,aflplusplus-0-exid3,1421,1312
4198,aflplusplus-0-exid3,1421,1313
4199,aflplusplus-0-exid3,1421,1314
4200,aflplusplus-0-exid3,1421,1315
4201,aflplusplus-0-exid3,1421,1316
4202,aflplusplus-0-exid3,1421,1317
4203,aflplusplus-0-exid3,1421,1318
4204,aflplusplus-0-exid3,1421,1319
4205,aflplusplus-0-exid3,1421,1320
4206,aflplusplus-0-exid3,1421,1321
4207,aflplusplus-0-exid3,1421,1322
4208,aflplusplus-0-exid3,1421,1323
4209,aflplusplus-0-exid3,1421,1324
4210,aflplusplus-0-exid3,1422,1325
4211,aflplusplus-0-exid3,1422,1326
4212,aflplusplus-0-exid3,1422,1327
4213,aflplusplus-0-exid3,1422,1328
4214,aflplusplus-0-exid3,1422,1329
4215,aflplusplus-0-exid3,1422,1330
4216,aflplusplus-0-exid3,1422,1331
4217,aflplusplus-0-exid3,1422,1332
4218,aflplusplus-0-exid3,1422,1333
4219,aflplusplus-0-exid3,1422,1334
4220,aflplusplus-0-exid3,1422,1335
4221,aflplusplus-0-exid3,1426,1336
4222,aflplusplus-0-exid3,1426,1337
4223,aflplusplus-0-exid3,1426,1338
4224,aflplusplus-0-exid3,1426,1339
4225,aflplusplus-0-exid3,1426,1340
4226,aflplusplus-0-exid3,1426,1341
4227,aflplusplus-0-exid3,1427,1342
4228,aflplusplus-0-exid3,1427,1343
4229,aflplusplus-0-exid3,1427,1344
4230,aflplusplus-0-exid3,1427,1345
4231,aflplusplus-0-exid3,1427,1346
4232,aflplusplus-0-exid3,1427,1347
4233,aflplusplus-0-exid3,1427,1348
4234,aflplusplus-0-exid3,1427,1349
4235,aflplusplus-0-exid3,1427,1350
4236,aflplusplus-0-exid3,1427,1351
4237,aflplusplus-0-exid3,1427,1352
4238,aflplusplus-0-exid3,1427,1353
4239,aflplusplus-0-exid3,1428,1354
4240,aflplusplus-0-exid3,1429,1355
4241,aflplusplus-0-exid3,1429,1356
4242,aflplusplus-0-exid3,1429,1357
4243,aflplusplus-0-exid3,1429,1358
4244,aflplusplus-0-exid3,1429,1359
4245,aflplusplus-0-exid3,1429,1360
4246,aflplusplus-0-exid3,1429,1361
4247,aflplusplus-0-exid3,1429,1362
4248,aflplusplus-0-exid3,1429,1363
4249,aflplusplus-0-exid3,1429,1364
4250,aflplusplus-0-exid3,1429,1365
4251,aflplusplus-0-exid3,1429,1366
4252,aflplusplus-0-exid3,1429,1367
4253,aflplusplus-0-exid3,1429,1368
4254,aflplusplus-0-exid3,1429,1369
4255,aflplusplus-0-exid3,1429,1370
4256,aflplusplus-0-exid3,1429,1371
4257,aflplusplus-0-exid3,1432,1372
4258,aflplusplus-0-exid3,1432,1373
4259,aflplusplus-0-exid3,1432,1374
4260,aflplusplus-0-exid3,1432,1375
4261,aflplusplus-0-exid3,1433,1376
4262,aflplusplus-0-exid3,1433,1377
4263,aflplusplus-0-exid3,1433,1378
4264,aflplusplus-0-exid3,1433,1379
4265,aflplusplus-0-exid3,1433,1380
4266,aflplusplus-0-exid3,1433,1381
4267,aflplusplus-0-exid3,1433,1382
4268,aflplusplus-0-exid3,1433,1383
4269,aflplusplus-0-exid3,1433,1384
4270,aflplusplus-0-exid3,1433,1385
4271,aflplusplus-0-exid3,1433,1386
4272,aflplusplus-0-exid3,1433,1387
4273,aflplusplus-0-exid3,1433,1388
4274,aflplusplus-0-exid3,1433,1389
4275,aflplusplus-0-exid3,1433,1390
4276,aflplusplus-0-exid3,1433,1391
4277,aflplusplus-0-exid3,1433,1392
4278,aflplusplus-0-exid3,1433,1393
4279,aflplusplus-0-exid3,1433,1394
4280,aflplusplus-0-exid3,1433,1395
4281,aflplusplus-0-exid3,1433,1396
4282,aflplusplus-0-exid3,1433,1397
4283,aflplusplus-0-exid3,1433,1398
4284,aflplusplus-0-exid3,1433,1399
4285,aflplusplus-0-exid3,1433,1400
4286,aflplusplus-0-exid3,1434,1401
4287,aflplusplus-0-exid3,1434,1402
4288,aflplusplus-0-exid3,1434,1403
4289,aflplusplus-0-exid3,1434,1404
4290,aflplusplus-0-exid3,1435,1405
4291,aflplusplus-0-exid3,1435,1406
4292,aflplusplus-0-exid3,1435,1407
4293,aflplusplus-0-exid3,1435,1408
4294,aflplusplus-0-exid3,1436,1409
4295,aflplusplus-0-exid3,1436,1410
4296,aflplusplus-0-exid3,1436,1411
4297,aflplusplus-0-exid3,1436,1412
4298,aflplusplus-0-exid3,1437,1413
4299,aflplusplus-0-exid3,1437,1414
4300,aflplusplus-0-exid3,1437,1415
4301,aflplusplus-0-exid3,1437,1416
4302,aflplusplus-0-exid3,1438,1417
4303,aflplusplus-0-exid3,1438,1418
4304,aflplusplus-0-exid3,1438,1419
4305,aflplusplus-0-exid3,1438,1420
4306,aflplusplus-0-exid3,1438,1421
4307,aflplusplus-0-exid3,1438,1422
4308,aflplusplus-0-exid3,1438,1423
4309,aflplusplus-0-exid3,1438,1424
4310,aflplusplus-0-exid3,1438,1425
4311,aflplusplus-0-exid3,1438,1426
4312,aflplusplus-0-exid3,1438,1427
4313,aflplusplus-0-exid3,1438,1428
4314,aflplusplus-0-exid3,1438,1429
4315,aflplusplus-0-exid3,1438,1430
4316,aflplusplus-0-exid3,1438,1431
4317,aflplusplus-0-exid3,1438,1432
4318,aflplusplus-0-exid3,1438,1433
4319,aflplusplus-0-exid3,1438,1434
4320,aflplusplus-0-exid3,1438,1435
4321,aflplusplus-0-exid3,1438,1436
4322,aflplusplus-0-exid3,1438,1437
4323,aflplusplus-0-exid3,1438,1438
4324,aflplusplus-0-exid3,1438,1439
4325,mopt-0-exid3,17,0
4326,mopt-0-exid3,21,1
4327,mopt-0-exid3,84,2
4328,mopt-0-exid3,119,3
4329,mopt-0-exid3,123,4
4330,mopt-0-exid3,123,5
4331,mopt-0-exid3,208,6
4332,mopt-0-exid3,208,7
4333,mopt-0-exid3,216,8
4334,mopt-0-exid3,250,9
4335,mopt-0-exid3,250,10
4336,mopt-0-exid3,277,11
4337,mopt-0-exid3,277,12
4338,mopt-0-exid3,277,13
4339,mopt-0-exid3,326,14
4340,mopt-0-exid3,326,15
4341,mopt-0-exid3,354,16
4342,mopt-0-exid3,360,17
4343,mopt-0-exid3,360,18
4344,mopt-0-exid3,379,19
4345,mopt-0-exid3,381,20
4346,mopt-0-exid3,381,21
4347,mopt-0-exid3,381,22
4348,mopt-0-exid3,428,23
4349,mopt-0-exid3,428,24
4350,mopt-0-exid3,428,25
4351,mopt-0-exid3,431,26
4352,mopt-0-exid3,489,27
4353,mopt-0-exid3,507,28
4354,mopt-0-exid3,530,29
4355,mopt-0-exid3,536,30
4356,mopt-0-exid3,536,31
4357,mopt-0-exid3,560,32
4358,mopt-0-exid3,579,33
4359,mopt-0-exid3,579,34
4360,mopt-0-exid3,579,35
4361,mopt-0-exid3,579,36
4362,mopt-0-exid3,579,37
4363,mopt-0-exid3,579,38
4364,mopt-0-exid3,579,39
4365,mopt-0-exid3,644,40
4366,mopt-0-exid3,648,41
4367,mopt-0-exid3,648,42
4368,mopt-0-exid3,658,43
4369,mopt-0-exid3,670,44
4370,mopt-0-exid3,670,45
4371,mopt-0-exid3,690,46
4372,mopt-0-exid3,709,47
4373,mopt-0-exid3,709,48
4374,mopt-0-exid3,710,49
4375,mopt-0-exid3,710,50
4376,mopt-0-exid3,710,51
4377,mopt-0-exid3,765,52
4378,mopt-0-exid3,765,53
4379,mopt-0-exid3,781,54
4380,mopt-0-exid3,787,55
4381,mopt-0-exid3,787,56
4382,mopt-0-exid3,802,57
4383,mopt-0-exid3,809,58
4384,mopt-0-exid3,809,59
4385,mopt-0-exid3,809,60
4386,mopt-0-exid3,816,61
4387,mopt-0-exid3,817,62
4388,mopt-0-exid3,838,63
4389,mopt-0-exid3,844,64
4390,mopt-0-exid3,845,65
4391,mopt-0-exid3,868,66
4392,mopt-0-exid3,872,67
4393,mopt-0-exid3,878,68
4394,mopt-0-exid3,878,69
4395,mopt-0-exid3,878,70
4396,mopt-0-exid3,889,71
4397,mopt-0-exid3,891,72
4398,mopt-0-exid3,893,73
4399,mopt-0-exid3,893,74
4400,mopt-0-exid3,893,75
4401,mopt-0-exid3,893,76
4402,mopt-0-exid3,893,77
4403,mopt-0-exid3,909,78
4404,mopt-0-exid3,914,79
4405,mopt-0-exid3,917,80
4406,mopt-0-exid3,918,81
4407,mopt-0-exid3,918,82
4408,mopt-0-exid3,919,83
4409,mopt-0-exid3,929,84
4410,mopt-0-exid3,930,85
4411,mopt-0-exid3,930,86
4412,mopt-0-exid3,936,87
4413,mopt-0-exid3,937,88
4414,mopt-0-exid3,948,89
4415,mopt-0-exid3,949,90
4416,mopt-0-exid3,949,91
4417,mopt-0-exid3,962,92
4418,mopt-0-exid3,962,93
4419,mopt-0-exid3,962,94
4420,mopt-0-exid3,966,95
4421,mopt-0-exid3,966,96
4422,mopt-0-exid3,966,97
4423,mopt-0-exid3,966,98
4424,mopt-0-exid3,985,99
4425,mopt-0-exid3,987,100
4426,mopt-0-exid3,988,101
4427,mopt-0-exid3,993,102
4428,mopt-0-exid3,996,103
4429,mopt-0-exid3,999,104
4430,mopt-0-exid3,999,105
4431,mopt-0-exid3,1001,106
4432,mopt-0-exid3,1002,107
4433,mopt-0-exid3,1002,108
4434,mopt-0-exid3,1002,109
4435,mopt-0-exid3,1013,110
4436,mopt-0-exid3,1015,111
4437,mopt-0-exid3,1015,112
4438,mopt-0-exid3,1019,113
4439,mopt-0-exid3,1021,114
4440,mopt-0-exid3,1023,115
4441,mopt-0-exid3,1025,116
4442,mopt-0-exid3,1029,117
4443,mopt-0-exid3,1029,118
4444,mopt-0-exid3,1030,119
4445,mopt-0-exid3,1037,120
4446,mopt-0-exid3,1037,121
4447,mopt-0-exid3,1037,122
4448,mopt-0-exid3,1037,123
4449,mopt-0-exid3,1039,124
4450,mopt-0-exid3,1040,125
4451,mopt-0-exid3,1040,126
4452,mopt-0-exid3,1040,127
4453,mopt-0-exid3,1041,128
4454,mopt-0-exid3,1042,129
4455,mopt-0-exid3,1046,130
4456,mopt-0-exid3,1046,131
4457,mopt-0-exid3,1048,132
4458,mopt-0-exid3,1049,133
4459,mopt-0-exid3,1049,134
4460,mopt-0-exid3,1060,135
4461,mopt-0-exid3,1066,136
4462,mopt-0-exid3,1067,137
4463,mopt-0-exid3,1070,138
4464,mopt-0-exid3,1070,139
4465,mopt-0-exid3,1070,140
4466,mopt-0-exid3,1070,141
4467,mopt-0-exid3,1071,142
4468,mopt-0-exid3,1074,143
4469,mopt-0-exid3,1078,144
4470,mopt-0-exid3,1078,145
4471,mopt-0-exid3,1078,146
4472,mopt-0-exid3,1078,147
4473,mopt-0-exid3,1086,148
4474,mopt-0-exid3,1090,149
4475,mopt-0-exid3,1092,150
4476,mopt-0-exid3,1092,151
4477,mopt-0-exid3,1092,152
4478,mopt-0-exid3,1098,153
4479,mopt-0-exid3,1100,154
4480,mopt-0-exid3,1101,155
4481,mopt-0-exid3,1103,156
4482,mopt-0-exid3,1104,157
4483,mopt-0-exid3,1104,158
4484,mopt-0-exid3,1122,159
4485,mopt-0-exid3,1123,160
4486,mopt-0-exid3,1124,161
4487,mopt-0-exid3,1124,162
4488,mopt-0-exid3,1126,163
4489,mopt-0-exid3,1126,164
4490,mopt-0-exid3,1126,165
4491,mopt-0-exid3,1126,166
4492,mopt-0-exid3,1126,167
4493,mopt-0-exid3,1131,168
4494,mopt-0-exid3,1132,169
4495,mopt-0-exid3,1133,170
4496,mopt-0-exid3,1135,171
4497,mopt-0-exid3,1135,172
4498,mopt-0-exid3,1135,173
4499,mopt-0-exid3,1135,174
4500,mopt-0-exid3,1135,175
4501,mopt-0-exid3,1136,176
4502,mopt-0-exid3,1136,177
4503,mopt-0-exid3,1136,178
4504,mopt-0-exid3,1139,179
4505,mopt-0-exid3,1140,180
4506,mopt-0-exid3,1140,181
4507,mopt-0-exid3,1140,182
4508,mopt-0-exid3,1151,183
4509,mopt-0-exid3,1156,184
4510,mopt-0-exid3,1156,185
4511,mopt-0-exid3,1156,186
4512,mopt-0-exid3,1161,187
4513,mopt-0-exid3,1161,188
4514,mopt-0-exid3,1161,189
4515,mopt-0-exid3,1165,190
4516,mopt-0-exid3,1165,191
4517,mopt-0-exid3,1165,192
4518,mopt-0-exid3,1165,193
4519,mopt-0-exid3,1168,194
4520,mopt-0-exid3,1168,195
4521,mopt-0-exid3,1168,196
4522,mopt-0-exid3,1169,197
4523,mopt-0-exid3,1169,198
4524,mopt-0-exid3,1169,199
4525,mopt-0-exid3,1170,200
4526,mopt-0-exid3,1173,201
4527,mopt-0-exid3,1173,202
4528,mopt-0-exid3,1174,203
4529,mopt-0-exid3,1175,204
4530,mopt-0-exid3,1175,205
4531,mopt-0-exid3,1176,206
4532,mopt-0-exid3,1179,207
4533,mopt-0-exid3,1179,208
4534,mopt-0-exid3,1179,209
4535,mopt-0-exid3,1179,210
4536,mopt-0-exid3,1179,211
4537,mopt-0-exid3,1179,212
4538,mopt-0-exid3,1179,213
4539,mopt-0-exid3,1181,214
4540,mopt-0-exid3,1182,215
4541,mopt-0-exid3,1183,216
4542,mopt-0-exid3,1184,217
4543,mopt-0-exid3,1187,218
4544,mopt-0-exid3,1188,219
4545,mopt-0-exid3,1189,220
4546,mopt-0-exid3,1190,221
4547,mopt-0-exid3,1191,222
4548,mopt-0-exid3,1192,223
4549,mopt-0-exid3,1192,224
4550,mopt-0-exid3,1195,225
4551,mopt-0-exid3,1198,226
4552,mopt-0-exid3,1198,227
4553,mopt-0-exid3,1198,228
4554,mopt-0-exid3,1198,229
4555,mopt-0-exid3,1198,230
4556,mopt-0-exid3,1198,231
4557,mopt-0-exid3,1198,232
4558,mopt-0-exid3,1198,233
4559,mopt-0-exid3,1198,234
4560,mopt-0-exid3,1199,235
4561,mopt-0-exid3,1199,236
4562,mopt-0-exid3,1199,237
4563,mopt-0-exid3,1199,238
4564,mopt-0-exid3,1199,239
4565,mopt-0-exid3,1199,240
4566,mopt-0-exid3,1199,241
4567,mopt-0-exid3,1199,242
4568,mopt-0-exid3,1199,243
4569,mopt-0-exid3,1199,244
4570,mopt-0-exid3,1199,245
4571,mopt-0-exid3,1199,246
4572,mopt-0-exid3,1199,247
4573,mopt-0-exid3,1199,248
4574,mopt-0-exid3,1199,249
4575,mopt-0-exid3,1199,250
4576,mopt-0-exid3,1199,251
4577,mopt-0-exid3,1200,252
4578,mopt-0-exid3,1200,253
4579,mopt-0-exid3,1200,254
4580,mopt-0-exid3,1200,255
4581,mopt-0-exid3,1200,256
4582,mopt-0-exid3,1200,257
4583,mopt-0-exid3,1200,258
4584,mopt-0-exid3,1200,259
4585,mopt-0-exid3,1200,260
4586,mopt-0-exid3,1200,261
4587,mopt-0-exid3,1200,262
4588,mopt-0-exid3,1201,263
4589,mopt-0-exid3,1201,264
4590,mopt-0-exid3,1201,265
4591,mopt-0-exid3,1201,266
4592,mopt-0-exid3,1202,267
4593,mopt-0-exid3,1202,268
4594,mopt-0-exid3,1202,269
4595,mopt-0-exid3,1202,270
4596,mopt-0-exid3,1203,271
4597,mopt-0-exid3,1203,272
4598,mopt-0-exid3,1203,273
4599,mopt-0-exid3,1203,274
4600,mopt-0-exid3,1204,275
4601,mopt-0-exid3,1204,276
4602,mopt-0-exid3,1204,277
4603,mopt-0-exid3,1204,278
4604,mopt-0-exid3,1204,279
4605,mopt-0-exid3,1204,280
4606,mopt-0-exid3,1204,281
4607,mopt-0-exid3,1204,282
4608,mopt-0-exid3,1204,283
4609,mopt-0-exid3,1204,284
4610,mopt-0-exid3,1204,285
4611,mopt-0-exid3,1204,286
4612,mopt-0-exid3,1204,287
4613,mopt-0-exid3,1210,288
4614,mopt-0-exid3,1210,289
4615,mopt-0-exid3,1211,290
4616,mopt-0-exid3,1214,291
4617,mopt-0-exid3,1216,292
4618,mopt-0-exid3,1216,293
4619,mopt-0-exid3,1216,294
4620,mopt-0-exid3,1216,295
4621,mopt-0-exid3,1217,296
4622,mopt-0-exid3,1217,297
4623,mopt-0-exid3,1217,298
4624,mopt-0-exid3,1218,299
4625,mopt-0-exid3,1218,300
4626,mopt-0-exid3,1218,301
4627,mopt-0-exid3,1218,302
4628,mopt-0-exid3,1218,303
4629,mopt-0-exid3,1218,304
4630,mopt-0-exid3,1218,305
4631,mopt-0-exid3,1218,306
4632,mopt-0-exid3,1218,307
4633,mopt-0-exid3,1218,308
4634,mopt-0-exid3,1218,309
4635,mopt-0-exid3,1219,310
4636,mopt-0-exid3,1220,311
4637,mopt-0-exid3,1221,312
4638,mopt-0-exid3,1221,313
4639,mopt-0-exid3,1221,314
4640,mopt-0-exid3,1221,315
4641,mopt-0-exid3,1221,316
4642,mopt-0-exid3,1221,317
4643,mopt-0-exid3,1221,318
4644,mopt-0-exid3,1221,319
4645,mopt-0-exid3,1221,320
4646,mopt-0-exid3,1228,321
4647,mopt-0-exid3,1228,322
4648,mopt-0-exid3,1229,323
4649,mopt-0-exid3,1229,324
4650,mopt-0-exid3,1229,325
4651,mopt-0-exid3,1230,326
4652,mopt-0-exid3,1230,327
4653,mopt-0-exid3,1230,328
4654,mopt-0-exid3,1230,329
4655,mopt-0-exid3,1230,330
4656,mopt-0-exid3,1244,331
4657,mopt-0-exid3,1251,332
4658,mopt-0-exid3,1251,333
4659,mopt-0-exid3,1255,334
4660,mopt-0-exid3,1264,335
4661,mopt-0-exid3,1276,336
4662,mopt-0-exid3,1277,337
4663,mopt-0-exid3,1277,338
4664,mopt-0-exid3,1296,339
4665,mopt-0-exid3,1300,340
4666,mopt-0-exid3,1300,341
4667,mopt-0-exid3,1301,342
4668,mopt-0-exid3,1301,343
4669,mopt-0-exid3,1301,344
4670,mopt-0-exid3,1310,345
4671,mopt-0-exid3,1314,346
4672,mopt-0-exid3,1317,347
4673,mopt-0-exid3,1320,348
4674,mopt-0-exid3,1320,349
4675,mopt-0-exid3,1320,350
4676,mopt-0-exid3,1320,351
4677,mopt-0-exid3,1323,352
4678,mopt-0-exid3,1325,353
4679,mopt-0-exid3,1325,354
4680,mopt-0-exid3,1325,355
4681,mopt-0-exid3,1325,356
4682,mopt-0-exid3,1325,357
4683,mopt-0-exid3,1325,358
4684,mopt-0-exid3,1325,359
4685,mopt-0-exid3,1328,360
4686,mopt-0-exid3,1328,361
4687,mopt-0-exid3,1328,362
4688,mopt-0-exid3,1328,363
4689,mopt-0-exid3,1328,364
4690,mopt-0-exid3,1328,365
4691,mopt-0-exid3,1328,366
4692,mopt-0-exid3,1329,367
4693,mopt-0-exid3,1329,368
4694,mopt-0-exid3,1329,369
4695,mopt-0-exid3,1329,370
4696,mopt-0-exid3,1329,371
4697,mopt-0-exid3,1333,372
4698,mopt-0-exid3,1333,373
4699,mopt-0-exid3,1333,374
4700,mopt-0-exid3,1333,375
4701,mopt-0-exid3,1333,376
4702,mopt-0-exid3,1342,377
4703,mopt-0-exid3,1342,378
4704,mopt-0-exid3,1342,379
4705,mopt-0-exid3,1342,380
4706,mopt-0-exid3,1342,381
4707,mopt-0-exid3,1342,382
4708,mopt-0-exid3,1342,383
4709,mopt-0-exid3,1342,384
4710,mopt-0-exid3,1342,385
4711,mopt-0-exid3,1342,386
4712,mopt-0-exid3,1360,387
4713,mopt-0-exid3,1360,388
4714,mopt-0-exid3,1364,389
4715,mopt-0-exid3,1364,390
4716,mopt-0-exid3,1364,391
4717,mopt-0-exid3,1364,392
4718,mopt-0-exid3,1364,393
4719,mopt-0-exid3,1364,394
4720,mopt-0-exid3,1371,395
4721,mopt-0-exid3,1371,396
4722,mopt-0-exid3,1371,397
4723,mopt-0-exid3,1376,398
4724,mopt-0-exid3,1376,399
4725,mopt-0-exid3,1376,400
4726,mopt-0-exid3,1376,401
4727,mopt-0-exid3,1376,402
4728,mopt-0-exid3,1378,403
4729,mopt-0-exid3,1379,404
4730,mopt-0-exid3,1380,405
4731,mopt-0-exid3,1380,406
4732,mopt-0-exid3,1380,407
4733,mopt-0-exid3,1382,408
4734,mopt-0-exid3,1382,409
4735,mopt-0-exid3,1382,410
4736,mopt-0-exid3,1382,411
4737,mopt-0-exid3,1382,412
4738,mopt-0-exid3,1382,413
4739,mopt-0-exid3,1383,414
4740,mopt-0-exid3,1383,415
4741,mopt-0-exid3,1383,416
4742,mopt-0-exid3,1384,417
4743,mopt-0-exid3,1384,418
4744,mopt-0-exid3,1384,419
4745,mopt-0-exid3,1384,420
4746,mopt-0-exid3,1386,421
4747,mopt-0-exid3,1386,422
4748,mopt-0-exid3,1386,423
4749,mopt-0-exid3,1386,424
4750,mopt-0-exid3,1386,425
4751,mopt-0-exid3,1387,426
4752,mopt-0-exid3,1388,427
4753,mopt-0-exid3,1388,428
4754,mopt-0-exid3,1388,429
4755,mopt-0-exid3,1389,430
4756,mopt-0-exid3,1389,431
4757,mopt-0-exid3,1389,432
4758,mopt-0-exid3,1389,433
4759,mopt-0-exid3,1389,434
4760,mopt-0-exid3,1389,435
4761,mopt-0-exid3,1389,436
4762,mopt-0-exid3,1391,437
4763,mopt-0-exid3,1391,438
4764,mopt-0-exid3,1391,439
4765,mopt-0-exid3,1391,440
4766,mopt-0-exid3,1393,441
4767,mopt-0-exid3,1393,442
4768,mopt-0-exid3,1393,443
4769,mopt-0-exid3,1394,444
4770,mopt-0-exid3,1394,445
4771,mopt-0-exid3,1394,446
4772,mopt-0-exid3,1394,447
4773,mopt-0-exid3,1394,448
4774,mopt-0-exid3,1394,449
4775,mopt-0-exid3,1394,450
4776,mopt-0-exid3,1394,451
4777,mopt-0-exid3,1394,452
4778,mopt-0-exid3,1394,453
4779,mopt-0-exid3,1394,454
4780,mopt-0-exid3,1394,455
4781,mopt-0-exid3,1394,456
4782,mopt-0-exid3,1394,457
4783,mopt-0-exid3,1398,458
4784,mopt-0-exid3,1398,459
4785,mopt-0-exid3,1398,460
4786,mopt-0-exid3,1398,461
4787,mopt-0-exid3,1398,462
4788,mopt-0-exid3,1399,463
4789,mopt-0-exid3,1399,464
4790,mopt-0-exid3,1399,465
4791,mopt-0-exid3,1401,466
4792,mopt-0-exid3,1401,467
4793,mopt-0-exid3,1401,468
4794,mopt-0-exid3,1401,469
4795,mopt-0-exid3,1401,470
4796,mopt-0-exid3,1401,471
4797,mopt-0-exid3,1401,472
4798,mopt-0-exid3,1401,473
4799,mopt-0-exid3,1403,474
4800,mopt-0-exid3,1403,475
4801,mopt-0-exid3,1403,476
4802,mopt-0-exid3,1403,477
4803,mopt-0-exid3,1404,478
4804,mopt-0-exid3,1404,479
4805,mopt-0-exid3,1404,480
4806,mopt-0-exid3,1404,481
4807,mopt-0-exid3,1404,482
4808,mopt-0-exid3,1404,483
4809,mopt-0-exid3,1404,484
4810,mopt-0-exid3,1404,485
4811,mopt-0-exid3,1404,486
4812,mopt-0-exid3,1404,487
4813,mopt-0-exid3,1404,488
4814,mopt-0-exid3,1404,489
4815,mopt-0-exid3,1409,490
4816,mopt-0-exid3,1409,491
4817,mopt-0-exid3,1409,492
4818,mopt-0-exid3,1409,493
4819,mopt-0-exid3,1409,494
4820,mopt-0-exid3,1409,495
4821,mopt-0-exid3,1409,496
4822,mopt-0-exid3,1413,497
4823,mopt-0-exid3,1414,498
4824,mopt-0-exid3,1414,499
4825,mopt-0-exid3,1415,500
4826,mopt-0-exid3,1418,501
4827,mopt-0-exid3,1418,502
4828,mopt-0-exid3,1418,503
4829,mopt-0-exid3,1418,504
4830,mopt-0-exid3,1418,505
4831,mopt-0-exid3,1418,506
4832,mopt-0-exid3,1419,507
4833,mopt-0-exid3,1419,508
4834,mopt-0-exid3,1419,509
4835,mopt-0-exid3,1419,510
4836,mopt-0-exid3,1419,511
4837,mopt-0-exid3,1419,512
4838,mopt-0-exid3,1419,513
4839,mopt-0-exid3,1421,514
4840,mopt-0-exid3,1421,515
4841,mopt-0-exid3,1421,516
4842,mopt-0-exid3,1421,517
4843,mopt-0-exid3,1421,518
4844,mopt-0-exid3,1421,519
4845,mopt-0-exid3,1421,520
4846,mopt-0-exid3,1421,521
4847,mopt-0-exid3,1423,522
4848,mopt-0-exid3,1423,523
4849,mopt-0-exid3,1423,524
4850,mopt-0-exid3,1423,525
4851,mopt-0-exid3,1425,526
4852,mopt-0-exid3,1425,527
4853,mopt-0-exid3,1425,528
4854,mopt-0-exid3,1425,529
4855,mopt-0-exid3,1425,530
4856,mopt-0-exid3,1425,531
4857,mopt-0-exid3,1425,532
4858,mopt-0-exid3,1425,533
4859,mopt-0-exid3,1425,534
4860,mopt-0-exid3,1425,535
4861,mopt-0-exid3,1425,536
4862,mopt-0-exid3,1425,537
4863,mopt-0-exid3,1425,538
4864,mopt-0-exid3,1425,539
4865,mopt-0-exid3,1425,540
4866,mopt-0-exid3,1425,541
4867,mopt-0-exid3,1427,542
4868,mopt-0-exid3,1427,543
4869,mopt-0-exid3,1427,544
4870,mopt-0-exid3,1427,545
4871,mopt-0-exid3,1431,546
4872,mopt-0-exid3,1432,547
4873,mopt-0-exid3,1433,548
4874,mopt-0-exid3,1433,549
4875,mopt-0-exid3,1433,550
4876,mopt-0-exid3,1434,551
4877,mopt-0-exid3,1434,552
4878,mopt-0-exid3,1434,553
4879,mopt-0-exid3,1434,554
4880,mopt-0-exid3,1434,555
4881,mopt-0-exid3,1434,556
4882,mopt-0-exid3,1434,557
4883,mopt-0-exid3,1434,558
4884,mopt-0-exid3,1436,559
4885,mopt-0-exid3,1436,560
4886,mopt-0-exid3,1436,561
4887,mopt-0-exid3,1437,562
4888,mopt-0-exid3,1437,563
4889,mopt-0-exid3,1437,564
4890,mopt-0-exid3,1437,565
4891,mopt-0-exid3,1437,566
4892,mopt-0-exid3,1437,567
4893,mopt-0-exid3,1437,568
4894,mopt-0-exid3,1437,569
4895,mopt-0-exid3,1437,570
4896,mopt-0-exid3,1437,571
4897,mopt-0-exid3,1437,572
4898,mopt-0-exid3,1437,573
4899,mopt-0-exid3,1437,574
4900,mopt-0-exid3,1437,575
4901,mopt-0-exid3,1437,576
4902,mopt-0-exid3,1437,577
4903,mopt-0-exid3,1437,578
4904,mopt-0-exid3,1437,579
4905,mopt-0-exid3,1437,580
4906,mopt-0-exid3,1437,581
4907,mopt-0-exid3,1440,582
4908,mopt-0-exid3,1440,583
4909,mopt-0-exid3,1440,584
4910,mopt-0-exid3,1440,585
4911,mopt-0-exid3,1440,586
4912,mopt-0-exid3,1440,587
4913,mopt-0-exid3,1444,588
4914,mopt-0-exid3,1444,589
4915,mopt-0-exid3,1444,590
4916,mopt-0-exid3,1444,591
4917,mopt-0-exid3,1444,592
4918,mopt-0-exid3,1444,593
4919,mopt-0-exid3,1444,594
4920,mopt-0-exid3,1444,595
4921,mopt-0-exid3,1444,596
4922,mopt-0-exid3,1444,597
4923,mopt-0-exid3,1444,598
4924,mopt-0-exid3,1444,599
4925,mopt-0-exid3,1444,600
4926,mopt-0-exid3,1444,601
4927,mopt-0-exid3,1445,602
4928,mopt-0-exid3,1445,603
4929,mopt-0-exid3,1445,604
4930,mopt-0-exid3,1445,605
4931,mopt-0-exid3,1445,606
4932,mopt-0-exid3,1445,607
4933,mopt-0-exid3,1445,608
4934,mopt-0-exid3,1445,609
4935,mopt-0-exid3,1445,610
4936,mopt-0-exid3,1445,611
4937,mopt-0-exid3,1445,612
4938,mopt-0-exid3,1445,613
4939,mopt-0-exid3,1446,614
4940,mopt-0-exid3,1446,615
4941,mopt-0-exid3,1446,616
4942,mopt-0-exid3,1446,617
4943,mopt-0-exid3,1446,618
4944,mopt-0-exid3,1446,619
4945,mopt-0-exid3,1446,620
4946,mopt-0-exid3,1446,621
4947,mopt-0-exid3,1446,622
4948,mopt-0-exid3,1446,623
4949,mopt-0-exid3,1446,624
4950,mopt-0-exid3,1446,625
4951,mopt-0-exid3,1446,626
4952,mopt-0-exid3,1446,627
4953,mopt-0-exid3,1446,628
4954,mopt-0-exid3,1446,629
4955,mopt-0-exid3,1446,630
4956,mopt-0-exid3,1446,631
4957,mopt-0-exid3,1446,632
4958,mopt-0-exid3,1446,633
4959,mopt-0-exid3,1446,634
4960,mopt-0-exid3,1446,635
4961,mopt-0-exid3,1446,636
4962,mopt-0-exid3,1446,637
4963,mopt-0-exid3,1446,638
4964,mopt-0-exid3,1446,639
4965,mopt-0-exid3,1446,640
4966,mopt-0-exid3,1446,641
4967,mopt-0-exid3,1446,642
4968,mopt-0-exid3,1446,643
4969,mopt-0-exid3,1446,644
4970,mopt-0-exid3,1446,645
4971,mopt-0-exid3,1446,646
4972,mopt-0-exid3,1447,647
4973,mopt-0-exid3,1447,648
4974,mopt-0-exid3,1447,649
4975,mopt-0-exid3,1447,650
4976,mopt-0-exid3,1447,651
4977,mopt-0-exid3,1447,652
4978,mopt-0-exid3,1447,653
4979,mopt-0-exid3,1448,654
4980,mopt-0-exid3,1448,655
4981,mopt-0-exid3,1449,656
4982,mopt-0-exid3,1449,657
4983,mopt-0-exid3,1449,658
4984,mopt-0-exid3,1450,659
4985,mopt-0-exid3,1450,660
4986,mopt-0-exid3,1450,661
4987,mopt-0-exid3,1450,662
4988,mopt-0-exid3,1450,663
4989,mopt-0-exid3,1450,664
4990,mopt-0-exid3,1450,665
4991,mopt-0-exid3,1450,666
4992,mopt-0-exid3,1450,667
4993,mopt-0-exid3,1450,668
4994,mopt-0-exid3,1450,669
4995,mopt-0-exid3,1450,670
4996,mopt-0-exid3,1450,671
4997,mopt-0-exid3,1450,672
4998,mopt-0-exid3,1450,673
4999,mopt-0-exid3,1450,674
5000,mopt-0-exid3,1450,675
5001,mopt-0-exid3,1450,676
5002,mopt-0-exid3,1450,677
5003,mopt-0-exid3,1450,678
5004,mopt-0-exid3,1450,679
5005,mopt-0-exid3,1450,680
5006,mopt-0-exid3,1450,681
5007,mopt-0-exid3,1450,682
5008,mopt-0-exid3,1450,683
5009,mopt-0-exid3,1450,684
5010,mopt-0-exid3,1450,685
5011,mopt-0-exid3,1450,686
5012,mopt-0-exid3,1453,687
5013,mopt-0-exid3,1453,688
5014,mopt-0-exid3,1453,689
5015,mopt-0-exid3,1453,690
5016,mopt-0-exid3,1453,691
5017,mopt-0-exid3,1453,692
5018,mopt-0-exid3,1459,693
5019,mopt-0-exid3,1459,694
5020,mopt-0-exid3,1459,695
5021,mopt-0-exid3,1459,696
5022,mopt-0-exid3,1459,697
5023,mopt-0-exid3,1459,698
5024,mopt-0-exid3,1459,699
5025,mopt-0-exid3,1459,700
5026,mopt-0-exid3,1459,701
5027,mopt-0-exid3,1459,702
5028,mopt-0-exid3,1459,703
5029,mopt-0-exid3,1459,704
5030,mopt-0-exid3,1459,705
5031,mopt-0-exid3,1459,706
5032,mopt-0-exid3,1459,707
5033,mopt-0-exid3,1459,708
5034,mopt-0-exid3,1459,709
5035,mopt-0-exid3,1459,710
5036,mopt-0-exid3,1459,711
5037,mopt-0-exid3,1459,712
5038,mopt-0-exid3,1459,713
5039,mopt-0-exid3,1460,714
5040,mopt-0-exid3,1460,715
5041,mopt-0-exid3,1461,716
5042,mopt-0-exid3,1461,717
5043,mopt-0-exid3,1461,718
5044,mopt-0-exid3,1461,719
5045,mopt-0-exid3,1461,720
5046,mopt-0-exid3,1462,721
5047,mopt-0-exid3,1462,722
5048,mopt-0-exid3,1462,723
5049,mopt-0-exid3,1462,724
5050,mopt-0-exid3,1462,725
5051,mopt-0-exid3,1462,726
5052,mopt-0-exid3,1462,727
5053,mopt-0-exid3,1462,728
5054,mopt-0-exid3,1462,729
5055,mopt-0-exid3,1462,730
5056,mopt-0-exid3,1462,731
5057,mopt-0-exid3,1462,732
5058,mopt-0-exid3,1462,733
5059,mopt-0-exid3,1462,734
5060,mopt-0-exid3,1462,735
5061,mopt-0-exid3,1462,736
5062,mopt-0-exid3,1462,737
5063,mopt-0-exid3,1467,738
5064,mopt-0-exid3,1467,739
5065,mopt-0-exid3,1467,740
5066,mopt-0-exid3,1467,741
5067,mopt-0-exid3,1467,742
5068,mopt-0-exid3,1467,743
5069,mopt-0-exid3,1467,744
5070,mopt-0-exid3,1467,745
5071,mopt-0-exid3,1467,746
5072,mopt-0-exid3,1467,747
5073,mopt-0-exid3,1468,748
5074,mopt-0-exid3,1468,749
5075,mopt-0-exid3,1468,750
5076,mopt-0-exid3,1469,751
5077,mopt-0-exid3,1469,752
5078,mopt-0-exid3,1469,753
5079,mopt-0-exid3,1469,754
5080,mopt-0-exid3,1469,755
5081,mopt-0-exid3,1469,756
5082,mopt-0-exid3,1469,757
5083,mopt-0-exid3,1469,758
5084,mopt-0-exid3,1469,759
5085,mopt-0-exid3,1469,760
5086,mopt-0-exid3,1470,761
5087,mopt-0-exid3,1470,762
5088,mopt-0-exid3,1470,763
5089,mopt-0-exid3,1470,764
5090,mopt-0-exid3,1470,765
5091,mopt-0-exid3,1470,766
5092,mopt-0-exid3,1470,767
5093,mopt-0-exid3,1470,768
5094,mopt-0-exid3,1470,769
5095,mopt-0-exid3,1470,770
5096,mopt-0-exid3,1470,771
5097,mopt-0-exid3,1470,772
5098,mopt-0-exid3,1470,773
5099,mopt-0-exid3,1470,774
5100,mopt-0-exid3,1470,775
5101,mopt-0-exid3,1470,776
5102,mopt-0-exid3,1470,777
5103,mopt-0-exid3,1470,778
5104,mopt-0-exid3,1470,779
5105,mopt-0-exid3,1476,780
5106,mopt-0-exid3,1476,781
5107,mopt-0-exid3,1476,782
5108,mopt-0-exid3,1476,783
5109,mopt-0-exid3,1476,784
5110,mopt-0-exid3,1476,785
5111,mopt-0-exid3,1476,786
5112,mopt-0-exid3,1476,787
5113,mopt-0-exid3,1477,788
5114,mopt-0-exid3,1478,789
5115,mopt-0-exid3,1478,790
5116,mopt-0-exid3,1480,791
5117,mopt-0-exid3,1480,792
5118,mopt-0-exid3,1480,793
5119,mopt-0-exid3,1482,794
5120,mopt-0-exid3,1482,795
5121,mopt-0-exid3,1482,796
5122,mopt-0-exid3,1482,797
5123,mopt-0-exid3,1482,798
5124,mopt-0-exid3,1482,799
5125,mopt-0-exid3,1482,800
5126,mopt-0-exid3,1484,801
5127,mopt-0-exid3,1484,802
5128,mopt-0-exid3,1484,803
5129,mopt-0-exid3,1484,804
5130,mopt-0-exid3,1484,805
5131,mopt-0-exid3,1484,806
5132,mopt-0-exid3,1484,807
5133,mopt-0-exid3,1484,808
5134,mopt-0-exid3,1484,809
5135,mopt-0-exid3,1486,810
5136,mopt-0-exid3,1486,811
5137,mopt-0-exid3,1486,812
5138,mopt-0-exid3,1489,813
5139,mopt-0-exid3,1489,814
5140,mopt-0-exid3,1490,815
5141,mopt-0-exid3,1490,816
5142,mopt-0-exid3,1490,817
5143,mopt-0-exid3,1490,818
5144,mopt-0-exid3,1490,819
5145,mopt-0-exid3,1490,820
5146,mopt-0-exid3,1490,821
5147,mopt-0-exid3,1490,822
5148,mopt-0-exid3,1490,823
5149,mopt-0-exid3,1490,824
5150,mopt-0-exid3,1490,825
5151,mopt-0-exid3,1490,826
5152,mopt-0-exid3,1490,827
5153,mopt-0-exid3,1490,828
5154,mopt-0-exid3,1490,829
5155,mopt-0-exid3,1492,830
5156,mopt-0-exid3,1492,831
5157,mopt-0-exid3,1492,832
5158,mopt-0-exid3,1492,833
5159,mopt-0-exid3,1492,834
5160,mopt-0-exid3,1492,835
5161,mopt-0-exid3,1492,836
5162,mopt-0-exid3,1492,837
5163,mopt-0-exid3,1492,838
5164,mopt-0-exid3,1493,839
5165,mopt-0-exid3,1493,840
5166,mopt-0-exid3,1493,841
5167,mopt-0-exid3,1493,842
5168,mopt-0-exid3,1493,843
5169,mopt-0-exid3,1493,844
5170,mopt-0-exid3,1494,845
5171,mopt-0-exid3,1494,846
5172,mopt-0-exid3,1494,847
5173,mopt-0-exid3,1494,848
5174,mopt-0-exid3,1494,849
5175,mopt-0-exid3,1494,850
5176,mopt-0-exid3,1494,851
5177,mopt-0-exid3,1495,852
5178,mopt-0-exid3,1506,853
5179,mopt-0-exid3,1507,854
5180,mopt-0-exid3,1507,855
5181,mopt-0-exid3,1507,856
5182,mopt-0-exid3,1508,857
5183,mopt-0-exid3,1508,858
5184,mopt-0-exid3,1510,859
5185,mopt-0-exid3,1510,860
5186,mopt-0-exid3,1510,861
5187,mopt-0-exid3,1510,862
5188,mopt-0-exid3,1510,863
5189,mopt-0-exid3,1510,864
5190,mopt-0-exid3,1510,865
5191,mopt-0-exid3,1510,866
5192,mopt-0-exid3,1510,867
5193,mopt-0-exid3,1510,868
5194,mopt-0-exid3,1510,869
5195,mopt-0-exid3,1510,870
5196,mopt-0-exid3,1510,871
5197,mopt-0-exid3,1510,872
5198,mopt-0-exid3,1510,873
5199,mopt-0-exid3,1510,874
5200,mopt-0-exid3,1510,875
5201,mopt-0-exid3,1510,876
5202,mopt-0-exid3,1510,877
5203,mopt-0-exid3,1510,878
5204,mopt-0-exid3,1510,879
5205,mopt-0-exid3,1510,880
5206,mopt-0-exid3,1510,881
5207,mopt-0-exid3,1510,882
5208,mopt-0-exid3,1510,883
5209,mopt-0-exid3,1510,884
5210,mopt-0-exid3,1511,885
5211,mopt-0-exid3,1511,886
5212,mopt-0-exid3,1511,887
5213,mopt-0-exid3,1511,888
5214,mopt-0-exid3,1511,889
5215,mopt-0-exid3,1511,890
5216,mopt-0-exid3,1511,891
5217,mopt-0-exid3,1511,892
5218,mopt-0-exid3,1511,893
5219,mopt-0-exid3,1511,894
5220,mopt-0-exid3,1511,895
5221,mopt-0-exid3,1511,896
5222,mopt-0-exid3,1511,897
5223,mopt-0-exid3,1511,898
5224,mopt-0-exid3,1511,899
5225,mopt-0-exid3,1511,900
5226,mopt-0-exid3,1511,901
5227,mopt-0-exid3,1512,902
5228,mopt-0-exid3,1512,903
5229,mopt-0-exid3,1512,904
5230,mopt-0-exid3,1512,905
5231,mopt-0-exid3,1512,906
5232,mopt-0-exid3,1512,907
5233,mopt-0-exid3,1512,908
5234,mopt-0-exid3,1512,909
5235,mopt-0-exid3,1512,910
5236,mopt-0-exid3,1512,911
5237,mopt-0-exid3,1512,912
5238,mopt-0-exid3,1512,913
5239,mopt-0-exid3,1512,914
5240,mopt-0-exid3,1512,915
5241,mopt-0-exid3,1512,916
5242,mopt-0-exid3,1512,917
5243,mopt-0-exid3,1512,918
5244,mopt-0-exid3,1512,919
5245,mopt-0-exid3,1512,920
5246,mopt-0-exid3,1512,921
5247,mopt-0-exid3,1512,922
5248,mopt-0-exid3,1513,923
5249,mopt-0-exid3,1513,924
5250,mopt-0-exid3,1516,925
5251,mopt-0-exid3,1516,926
5252,mopt-0-exid3,1516,927
5253,mopt-0-exid3,1519,928
5254,mopt-0-exid3,1519,929
5255,mopt-0-exid3,1520,930
5256,mopt-0-exid3,1520,931
5257,mopt-0-exid3,1520,932
5258,mopt-0-exid3,1520,933
5259,mopt-0-exid3,1520,934
5260,mopt-0-exid3,1520,935
5261,mopt-0-exid3,1520,936
5262,mopt-0-exid3,1520,937
5263,mopt-0-exid3,1520,938
5264,mopt-0-exid3,1520,939
5265,mopt-0-exid3,1520,940
5266,mopt-0-exid3,1520,941
5267,mopt-0-exid3,1520,942
5268,mopt-0-exid3,1520,943
5269,mopt-0-exid3,1520,944
5270,mopt-0-exid3,1520,945
5271,mopt-0-exid3,1520,946
5272,mopt-0-exid3,1520,947
5273,mopt-0-exid3,1520,948
5274,mopt-0-exid3,1520,949
5275,mopt-0-exid3,1520,950
5276,mopt-0-exid3,1520,951
5277,mopt-0-exid3,1520,952
5278,mopt-0-exid3,1521,953
5279,mopt-0-exid3,1521,954
5280,mopt-0-exid3,1521,955
5281,mopt-0-exid3,1521,956
5282,mopt-0-exid3,1521,957
5283,mopt-0-exid3,1521,958
5284,mopt-0-exid3,1521,959
5285,mopt-0-exid3,1521,960
5286,mopt-0-exid3,1521,961
5287,mopt-0-exid3,1521,962
5288,mopt-0-exid3,1521,963
5289,mopt-0-exid3,1521,964
5290,mopt-0-exid3,1521,965
5291,mopt-0-exid3,1521,966
5292,mopt-0-exid3,1521,967
5293,mopt-0-exid3,1521,968
5294,mopt-0-exid3,1521,969
5295,mopt-0-exid3,1521,970
5296,mopt-0-exid3,1521,971
5297,mopt-0-exid3,1521,972
5298,mopt-0-exid3,1521,973
5299,mopt-0-exid3,1521,974
5300,mopt-0-exid3,1521,975
5301,mopt-0-exid3,1521,976
5302,mopt-0-exid3,1521,977
5303,mopt-0-exid3,1521,978
5304,mopt-0-exid3,1521,979
5305,mopt-0-exid3,1521,980
5306,mopt-0-exid3,1521,981
5307,mopt-0-exid3,1523,982
5308,mopt-0-exid3,1523,983
5309,mopt-0-exid3,1523,984
5310,mopt-0-exid3,1523,985
5311,mopt-0-exid3,1524,986
5312,mopt-0-exid3,1525,987
5313,mopt-0-exid3,1525,988
5314,mopt-0-exid3,1525,989
5315,mopt-0-exid3,1525,990
5316,mopt-0-exid3,1525,991
5317,mopt-0-exid3,1525,992
5318,mopt-0-exid3,1525,993
5319,mopt-0-exid3,1525,994
5320,mopt-0-exid3,1525,995
5321,mopt-0-exid3,1525,996
5322,mopt-0-exid3,1525,997
5323,mopt-0-exid3,1525,998
5324,mopt-0-exid3,1525,999
5325,mopt-0-exid3,1525,1000
5326,mopt-0-exid3,1525,1001
5327,mopt-0-exid3,1525,1002
5328,mopt-0-exid3,1525,1003
5329,mopt-0-exid3,1525,1004
5330,mopt-0-exid3,1526,1005
5331,mopt-0-exid3,1526,1006
5332,mopt-0-exid3,1526,1007
5333,mopt-0-exid3,1526,1008
5334,mopt-0-exid3,1526,1009
5335,mopt-0-exid3,1526,1010
5336,mopt-0-exid3,1526,1011
5337,mopt-0-exid3,1526,1012
5338,mopt-0-exid3,1526,1013
5339,mopt-0-exid3,1526,1014
5340,mopt-0-exid3,1526,1015
5341,mopt-0-exid3,1526,1016
5342,mopt-0-exid3,1526,1017
5343,mopt-0-exid3,1526,1018
5344,mopt-0-exid3,1526,1019
5345,mopt-0-exid3,1526,1020
5346,mopt-0-exid3,1526,1021
5347,mopt-0-exid3,1526,1022
5348,mopt-0-exid3,1526,1023
5349,mopt-0-exid3,1526,1024
5350,mopt-0-exid3,1526,1025
5351,mopt-0-exid3,1526,1026
5352,mopt-0-exid3,1526,1027
5353,mopt-0-exid3,1526,1028
5354,mopt-0-exid3,1526,1029
5355,mopt-0-exid3,1526,1030
5356,mopt-0-exid3,1526,1031
5357,mopt-0-exid3,1526,1032
5358,mopt-0-exid3,1526,1033
5359,mopt-0-exid3,1526,1034
5360,mopt-0-exid3,1526,1035
5361,mopt-0-exid3,1526,1036
5362,mopt-0-exid3,1527,1037
5363,mopt-0-exid3,1527,1038
5364,mopt-0-exid3,1527,1039
5365,mopt-0-exid3,1527,1040
5366,mopt-0-exid3,1531,1041
5367,mopt-0-exid3,1532,1042
5368,mopt-0-exid3,1532,1043
5369,mopt-0-exid3,1532,1044
5370,mopt-0-exid3,1532,1045
5371,mopt-0-exid3,1532,1046
5372,mopt-0-exid3,1532,1047
5373,mopt-0-exid3,1533,1048
5374,mopt-0-exid3,1533,1049
5375,mopt-0-exid3,1533,1050
5376,mopt-0-exid3,1533,1051
5377,mopt-0-exid3,1540,1052
5378,mopt-0-exid3,1540,1053
5379,mopt-0-exid3,1540,1054
5380,mopt-0-exid3,1541,1055
5381,mopt-0-exid3,1541,1056
5382,mopt-0-exid3,1541,1057
5383,mopt-0-exid3,1541,1058
5384,mopt-0-exid3,1541,1059
5385,mopt-0-exid3,1541,1060
5386,mopt-0-exid3,1543,1061
5387,mopt-0-exid3,1543,1062
5388,mopt-0-exid3,1543,1063
5389,mopt-0-exid3,1543,1064
5390,mopt-0-exid3,1543,1065
5391,mopt-0-exid3,1543,1066
5392,mopt-0-exid3,1543,1067
5393,mopt-0-exid3,1547,1068
5394,mopt-0-exid3,1547,1069
5395,mopt-0-exid3,1547,1070
5396,mopt-0-exid3,1547,1071
5397,mopt-0-exid3,1547,1072
5398,mopt-0-exid3,1547,1073
5399,mopt-0-exid3,1548,1074
5400,mopt-0-exid3,1548,1075
5401,mopt-0-exid3,1548,1076
5402,mopt-0-exid3,1548,1077
5403,mopt-0-exid3,1548,1078
5404,mopt-0-exid3,1548,1079
5405,mopt-0-exid3,1548,1080
5406,mopt-0-exid3,1548,1081
5407,mopt-0-exid3,1548,1082
5408,mopt-0-exid3,1548,1083
5409,mopt-0-exid3,1549,1084
5410,mopt-0-exid3,1551,1085
5411,mopt-0-exid3,1551,1086
5412,mopt-0-exid3,1551,1087
5413,mopt-0-exid3,1551,1088
5414,mopt-0-exid3,1551,1089
5415,mopt-0-exid3,1551,1090
5416,mopt-0-exid3,1551,1091
5417,mopt-0-exid3,1551,1092
5418,mopt-0-exid3,1551,1093
5419,mopt-0-exid3,1551,1094
5420,mopt-0-exid3,1551,1095
5421,mopt-0-exid3,1551,1096
5422,mopt-0-exid3,1551,1097
5423,mopt-0-exid3,1551,1098
5424,mopt-0-exid3,1551,1099
5425,mopt-0-exid3,1551,1100
5426,mopt-0-exid3,1551,1101
5427,mopt-0-exid3,1551,1102
5428,mopt-0-exid3,1553,1103
5429,mopt-0-exid3,1553,1104
5430,mopt-0-exid3,1553,1105
5431,mopt-0-exid3,1553,1106
5432,mopt-0-exid3,1553,1107
5433,mopt-0-exid3,1553,1108
5434,mopt-0-exid3,1553,1109
5435,mopt-0-exid3,1553,1110
5436,mopt-0-exid3,1553,1111
5437,mopt-0-exid3,1553,1112
5438,mopt-0-exid3,1553,1113
5439,mopt-0-exid3,1553,1114
5440,mopt-0-exid3,1553,1115
5441,mopt-0-exid3,1553,1116
5442,mopt-0-exid3,1553,1117
5443,mopt-0-exid3,1553,1118
5444,mopt-0-exid3,1553,1119
5445,mopt-0-exid3,1553,1120
5446,mopt-0-exid3,1553,1121
5447,mopt-0-exid3,1553,1122
5448,mopt-0-exid3,1553,1123
5449,mopt-0-exid3,1553,1124
5450,mopt-0-exid3,1553,1125
5451,mopt-0-exid3,1553,1126
5452,mopt-0-exid3,1553,1127
5453,mopt-0-exid3,1553,1128
5454,mopt-0-exid3,1553,1129
5455,mopt-0-exid3,1553,1130
5456,mopt-0-exid3,1553,1131
5457,mopt-0-exid3,1553,1132
5458,mopt-0-exid3,1553,1133
5459,mopt-0-exid3,1553,1134
5460,mopt-0-exid3,1553,1135
5461,mopt-0-exid3,1553,1136
5462,mopt-0-exid3,1553,1137
5463,mopt-0-exid3,1553,1138
5464,mopt-0-exid3,1553,1139
5465,mopt-0-exid3,1553,1140
5466,mopt-0-exid3,1553,1141
5467,mopt-0-exid3,1553,1142
5468,mopt-0-exid3,1553,1143
5469,mopt-0-exid3,1553,1144
5470,mopt-0-exid3,1553,1145
5471,mopt-0-exid3,1553,1146
5472,mopt-0-exid3,1553,1147
5473,mopt-0-exid3,1553,1148
5474,mopt-0-exid3,1553,1149
5475,mopt-0-exid3,1553,1150
5476,mopt-0-exid3,1553,1151
5477,mopt-0-exid3,1553,1152
5478,mopt-0-exid3,1553,1153
5479,mopt-0-exid3,1553,1154
5480,mopt-0-exid3,1554,1155
5481,mopt-0-exid3,1559,1156
5482,mopt-0-exid3,1559,1157
5483,mopt-0-exid3,1559,1158
5484,mopt-0-exid3,1559,1159
5485,mopt-0-exid3,1560,1160
5486,mopt-0-exid3,1560,1161
5487,mopt-0-exid3,1560,1162
5488,mopt-0-exid3,1560,1163
5489,mopt-0-exid3,1560,1164
5490,mopt-0-exid3,1560,1165
5491,mopt-0-exid3,1560,1166
5492,mopt-0-exid3,1560,1167
5493,mopt-0-exid3,1560,1168
5494,mopt-0-exid3,1560,1169
5495,mopt-0-exid3,1560,1170
5496,mopt-0-exid3,1560,1171
5497,mopt-0-exid3,1560,1172
5498,mopt-0-exid3,1560,1173
5499,mopt-0-exid3,1560,1174
5500,mopt-0-exid3,1560,1175
5501,mopt-0-exid3,1560,1176
5502,mopt-0-exid3,1560,1177
5503,mopt-0-exid3,1560,1178
5504,mopt-0-exid3,1560,1179
5505,mopt-0-exid3,1560,1180
5506,mopt-0-exid3,1560,1181
5507,mopt-0-exid3,1560,1182
5508,mopt-0-exid3,1560,1183
5509,mopt-0-exid3,1563,1184
5510,mopt-0-exid3,1563,1185
5511,mopt-0-exid3,1563,1186
5512,mopt-0-exid3,1563,1187
5513,mopt-0-exid3,1563,1188
5514,mopt-0-exid3,1563,1189
5515,mopt-0-exid3,1563,1190
5516,mopt-0-exid3,1563,1191
5517,mopt-0-exid3,1563,1192
5518,mopt-0-exid3,1563,1193
5519,mopt-0-exid3,1563,1194
5520,mopt-0-exid3,1563,1195
5521,mopt-0-exid3,1563,1196
5522,mopt-0-exid3,1563,1197
5523,mopt-0-exid3,1563,1198
5524,mopt-0-exid3,1563,1199
5525,mopt-0-exid3,1563,1200
5526,mopt-0-exid3,1563,1201
5527,mopt-0-exid3,1563,1202
5528,mopt-0-exid3,1563,1203
5529,mopt-0-exid3,1563,1204
5530,mopt-0-exid3,1563,1205
5531,mopt-0-exid3,1563,1206
5532,mopt-0-exid3,1563,1207
5533,mopt-0-exid3,1563,1208
5534,mopt-0-exid3,1563,1209
5535,mopt-0-exid3,1563,1210
5536,mopt-0-exid3,1563,1211
5537,mopt-0-exid3,1563,1212
5538,mopt-0-exid3,1564,1213
5539,mopt-0-exid3,1564,1214
5540,mopt-0-exid3,1564,1215
5541,mopt-0-exid3,1564,1216
5542,mopt-0-exid3,1564,1217
5543,mopt-0-exid3,1564,1218
5544,mopt-0-exid3,1564,1219
5545,mopt-0-exid3,1564,1220
5546,mopt-0-exid3,1564,1221
5547,mopt-0-exid3,1564,1222
5548,mopt-0-exid3,1564,1223
5549,mopt-0-exid3,1564,1224
5550,mopt-0-exid3,1564,1225
5551,mopt-0-exid3,1564,1226
5552,mopt-0-exid3,1564,1227
5553,mopt-0-exid3,1564,1228
5554,mopt-0-exid3,1564,1229
5555,mopt-0-exid3,1564,1230
5556,mopt-0-exid3,1564,1231
5557,mopt-0-exid3,1564,1232
5558,mopt-0-exid3,1564,1233
5559,mopt-0-exid3,1564,1234
5560,mopt-0-exid3,1564,1235
5561,mopt-0-exid3,1564,1236
5562,mopt-0-exid3,1564,1237
5563,mopt-0-exid3,1564,1238
5564,mopt-0-exid3,1564,1239
5565,mopt-0-exid3,1564,1240
5566,mopt-0-exid3,1564,1241
5567,mopt-0-exid3,1564,1242
5568,mopt-0-exid3,1564,1243
5569,mopt-0-exid3,1564,1244
5570,mopt-0-exid3,1564,1245
5571,mopt-0-exid3,1564,1246
5572,mopt-0-exid3,1564,1247
5573,mopt-0-exid3,1564,1248
5574,mopt-0-exid3,1564,1249
5575,mopt-0-exid3,1564,1250
5576,mopt-0-exid3,1565,1251
5577,mopt-0-exid3,1565,1252
5578,mopt-0-exid3,1565,1253
5579,mopt-0-exid3,1565,1254
5580,mopt-0-exid3,1565,1255
5581,mopt-0-exid3,1565,1256
5582,mopt-0-exid3,1565,1257
5583,mopt-0-exid3,1565,1258
5584,mopt-0-exid3,1565,1259
5585,mopt-0-exid3,1565,1260
5586,mopt-0-exid3,1565,1261
5587,mopt-0-exid3,1565,1262
5588,mopt-0-exid3,1565,1263
5589,mopt-0-exid3,1565,1264
5590,mopt-0-exid3,1565,1265
5591,mopt-0-exid3,1565,1266
5592,mopt-0-exid3,1565,1267
5593,mopt-0-exid3,1565,1268
5594,mopt-0-exid3,1565,1269
5595,mopt-0-exid3,1565,1270
5596,mopt-0-exid3,1565,1271
5597,mopt-0-exid3,1565,1272
5598,mopt-0-exid3,1565,1273
5599,mopt-0-exid3,1565,1274
5600,mopt-0-exid3,1565,1275
5601,mopt-0-exid3,1565,1276
5602,mopt-0-exid3,1565,1277
5603,mopt-0-exid3,1565,1278
5604,mopt-0-exid3,1565,1279
5605,mopt-0-exid3,1565,1280
5606,mopt-0-exid3,1565,1281
5607,mopt-0-exid3,1565,1282
5608,mopt-0-exid3,1566,1283
5609,mopt-0-exid3,1566,1284
5610,mopt-0-exid3,1566,1285
5611,mopt-0-exid3,1566,1286
5612,mopt-0-exid3,1566,1287
5613,mopt-0-exid3,1566,1288
5614,mopt-0-exid3,1566,1289
5615,mopt-0-exid3,1566,1290
5616,mopt-0-exid3,1566,1291
5617,mopt-0-exid3,1566,1292
5618,mopt-0-exid3,1566,1293
5619,mopt-0-exid3,1567,1294
5620,mopt-0-exid3,1567,1295
5621,mopt-0-exid3,1567,1296
5622,mopt-0-exid3,1567,1297
5623,mopt-0-exid3,1567,1298
5624,mopt-0-exid3,1567,1299
5625,mopt-0-exid3,1567,1300
5626,mopt-0-exid3,1567,1301
5627,mopt-0-exid3,1567,1302
5628,mopt-0-exid3,1567,1303
5629,mopt-0-exid3,1567,1304
5630,mopt-0-exid3,1567,1305
5631,mopt-0-exid3,1567,1306
5632,mopt-0-exid3,1567,1307
5633,mopt-0-exid3,1567,1308
5634,mopt-0-exid3,1568,1309
5635,mopt-0-exid3,1568,1310
5636,mopt-0-exid3,1568,1311
5637,mopt-0-exid3,1568,1312
5638,mopt-0-exid3,1568,1313
5639,mopt-0-exid3,1568,1314
5640,mopt-0-exid3,1568,1315
5641,mopt-0-exid3,1568,1316
5642,mopt-0-exid3,1568,1317
5643,mopt-0-exid3,1568,1318
5644,mopt-0-exid3,1568,1319
5645,mopt-0-exid3,1568,1320
5646,mopt-0-exid3,1568,1321
5647,mopt-0-exid3,1569,1322
5648,mopt-0-exid3,1569,1323
5649,mopt-0-exid3,1569,1324
5650,mopt-0-exid3,1569,1325
5651,mopt-0-exid3,1569,1326
5652,mopt-0-exid3,1569,1327
5653,mopt-0-exid3,1569,1328
5654,mopt-0-exid3,1569,1329
5655,mopt-0-exid3,1569,1330
5656,mopt-0-exid3,1569,1331
5657,mopt-0-exid3,1569,1332
5658,mopt-0-exid3,1569,1333
5659,mopt-0-exid3,1569,1334
5660,mopt-0-exid3,1570,1335
5661,mopt-0-exid3,1570,1336
5662,mopt-0-exid3,1570,1337
5663,mopt-0-exid3,1570,1338
5664,mopt-0-exid3,1570,1339
5665,mopt-0-exid3,1570,1340
5666,mopt-0-exid3,1571,1341
5667,mopt-0-exid3,1571,1342
5668,mopt-0-exid3,1571,1343
5669,mopt-0-exid3,1571,1344
5670,mopt-0-exid3,1571,1345
5671,mopt-0-exid3,1571,1346
5672,mopt-0-exid3,1571,1347
5673,mopt-0-exid3,1572,1348
5674,mopt-0-exid3,1572,1349
5675,mopt-0-exid3,1572,1350
5676,mopt-0-exid3,1573,1351
5677,mopt-0-exid3,1573,1352
5678,mopt-0-exid3,1573,1353
5679,mopt-0-exid3,1573,1354
5680,mopt-0-exid3,1573,1355
5681,mopt-0-exid3,1573,1356
5682,mopt-0-exid3,1573,1357
5683,mopt-0-exid3,1573,1358
5684,mopt-0-exid3,1573,1359
5685,mopt-0-exid3,1573,1360
5686,mopt-0-exid3,1573,1361
5687,mopt-0-exid3,1573,1362
5688,mopt-0-exid3,1573,1363
5689,mopt-0-exid3,1573,1364
5690,mopt-0-exid3,1573,1365
5691,mopt-0-exid3,1573,1366
5692,mopt-0-exid3,1573,1367
5693,mopt-0-exid3,1573,1368
5694,mopt-0-exid3,1573,1369
5695,mopt-0-exid3,1573,1370
5696,mopt-0-exid3,1574,1371
5697,mopt-0-exid3,1574,1372
5698,mopt-0-exid3,1574,1373
5699,mopt-0-exid3,1574,1374
5700,mopt-0-exid3,1574,1375
5701,mopt-0-exid3,1574,1376
5702,mopt-0-exid3,1574,1377
5703,mopt-0-exid3,1574,1378
5704,mopt-0-exid3,1574,1379
5705,mopt-0-exid3,1574,1380
5706,mopt-0-exid3,1574,1381
5707,mopt-0-exid3,1574,1382
5708,mopt-0-exid3,1574,1383
5709,mopt-0-exid3,1574,1384
5710,mopt-0-exid3,1574,1385
5711,mopt-0-exid3,1574,1386
5712,mopt-0-exid3,1574,1387
5713,mopt-0-exid3,1574,1388
5714,mopt-0-exid3,1574,1389
5715,mopt-0-exid3,1574,1390
5716,mopt-0-exid3,1574,1391
5717,mopt-0-exid3,1574,1392
5718,mopt-0-exid3,1574,1393
5719,mopt-0-exid3,1574,1394
5720,mopt-0-exid3,1574,1395
5721,mopt-0-exid3,1574,1396
5722,mopt-0-exid3,1576,1397
5723,mopt-0-exid3,1576,1398
5724,mopt-0-exid3,1579,1399
5725,mopt-0-exid3,1579,1400
5726,mopt-0-exid3,1579,1401
5727,mopt-0-exid3,1580,1402
5728,mopt-0-exid3,1580,1403
5729,mopt-0-exid3,1580,1404
5730,mopt-0-exid3,1580,1405
5731,mopt-0-exid3,1580,1406
5732,mopt-0-exid3,1580,1407
5733,mopt-0-exid3,1580,1408
5734,mopt-0-exid3,1580,1409
5735,mopt-0-exid3,1580,1410
5736,mopt-0-exid3,1581,1411
5737,mopt-0-exid3,1581,1412
5738,mopt-0-exid3,1581,1413
5739,mopt-0-exid3,1581,1414
5740,mopt-0-exid3,1581,1415
5741,mopt-0-exid3,1581,1416
5742,mopt-0-exid3,1581,1417
5743,mopt-0-exid3,1581,1418
5744,mopt-0-exid3,1583,1419
5745,mopt-0-exid3,1583,1420
5746,mopt-0-exid3,1583,1421
5747,mopt-0-exid3,1583,1422
5748,mopt-0-exid3,1583,1423
5749,mopt-0-exid3,1583,1424
5750,mopt-0-exid3,1583,1425
5751,mopt-0-exid3,1583,1426
5752,mopt-0-exid3,1583,1427
5753,mopt-0-exid3,1583,1428
5754,mopt-0-exid3,1583,1429
5755,mopt-0-exid3,1583,1430
5756,mopt-0-exid3,1583,1431
5757,mopt-0-exid3,1583,1432
5758,mopt-0-exid3,1583,1433
5759,mopt-0-exid3,1583,1434
5760,mopt-0-exid3,1583,1435
5761,mopt-0-exid3,1583,1436
5762,mopt-0-exid3,1583,1437
5763,mopt-0-exid3,1583,1438
5764,mopt-0-exid3,1583,1439
5765,fuzzer_global,73,0
5766,fuzzer_global,123,1
5767,fuzzer_global,154,2
5768,fuzzer_global,168,3
5769,fuzzer_global,223,4
5770,fuzzer_global,238,5
5771,fuzzer_global,258,6
5772,fuzzer_global,276,7
5773,fuzzer_global,292,8
5774,fuzzer_global,308,9
5775,fuzzer_global,319,10
5776,fuzzer_global,330,11
5777,fuzzer_global,363,12
5778,fuzzer_global,378,13
5779,fuzzer_global,396,14
5780,fuzzer_global,402,15
5781,fuzzer_global,408,16
5782,fuzzer_global,412,17
5783,fuzzer_global,421,18
5784,fuzzer_global,433,19
5785,fuzzer_global,452,20
5786,fuzzer_global,466,21
5787,fuzzer_global,481,22
5788,fuzzer_global,515,23
5789,fuzzer_global,525,24
5790,fuzzer_global,529,25
5791,fuzzer_global,544,26
5792,fuzzer_global,571,27
5793,fuzzer_global,584,28
5794,fuzzer_global,597,29
5795,fuzzer_global,612,30
5796,fuzzer_global,626,31
5797,fuzzer_global,643,32
5798,fuzzer_global,650,33
5799,fuzzer_global,657,34
5800,fuzzer_global,678,35
5801,fuzzer_global,682,36
5802,fuzzer_global,686,37
5803,fuzzer_global,703,38
5804,fuzzer_global,714,39
5805,fuzzer_global,721,40
5806,fuzzer_global,724,41
5807,fuzzer_global,741,42
5808,fuzzer_global,746,43
5809,fuzzer_global,755,44
5810,fuzzer_global,763,45
5811,fuzzer_global,773,46
5812,fuzzer_global,788,47
5813,fuzzer_global,802,48
5814,fuzzer_global,813,49
5815,fuzzer_global,828,50
5816,fuzzer_global,839,51
5817,fuzzer_global,848,52
5818,fuzzer_global,852,53
5819,fuzzer_global,862,54
5820,fuzzer_global,867,55
5821,fuzzer_global,880,56
5822,fuzzer_global,883,57
5823,fuzzer_global,890,58
5824,fuzzer_global,894,59
5825,fuzzer_global,896,60
5826,fuzzer_global,901,61
5827,fuzzer_global,918,62
5828,fuzzer_global,925,63
5829,fuzzer_global,932,64
5830,fuzzer_global,937,65
5831,fuzzer_global,954,66
5832,fuzzer_global,960,67
5833,fuzzer_global,968,68
5834,fuzzer_global,973,69
5835,fuzzer_global,975,70
5836,fuzzer_global,977,71
5837,fuzzer_global,979,72
5838,fuzzer_global,983,73
5839,fuzzer_global,988,74
5840,fuzzer_global,989,75
5841,fuzzer_global,994,76
5842,fuzzer_global,997,77
5843,fuzzer_global,1002,78
5844,fuzzer_global,1006,79
5845,fuzzer_global,1008,80
5846,fuzzer_global,1009,81
5847,fuzzer_global,1010,82
5848,fuzzer_global,1017,83
5849,fuzzer_global,1024,84
5850,fuzzer_global,1027,85
5851,fuzzer_global,1029,86
5852,fuzzer_global,1031,87
5853,fuzzer_global,1040,88
5854,fuzzer_global,1046,89
5855,fuzzer_global,1056,90
5856,fuzzer_global,1057,91
5857,fuzzer_global,1059,92
5858,fuzzer_global,1059,93
5859,fuzzer_global,1061,94
5860,fuzzer_global,1066,95
5861,fuzzer_global,1078,96
5862,fuzzer_global,1080,97
5863,fuzzer_global,1084,98
5864,fuzzer_global,1085,99
5865,fuzzer_global,1087,100
5866,fuzzer_global,1090,101
5867,fuzzer_global,1096,102
5868,fuzzer_global,1097,103
5869,fuzzer_global,1099,104
5870,fuzzer_global,1099,105
5871,fuzzer_global,1103,106
5872,fuzzer_global,1103,107
5873,fuzzer_global,1111,108
5874,fuzzer_global,1114,109
5875,fuzzer_global,1118,110
5876,fuzzer_global,1118,111
5877,fuzzer_global,1121,112
5878,fuzzer_global,1123,113
5879,fuzzer_global,1125,114
5880,fuzzer_global,1128,115
5881,fuzzer_global,1129,116
5882,fuzzer_global,1133,117
5883,fuzzer_global,1133,118
5884,fuzzer_global,1138,119
5885,fuzzer_global,1142,120
5886,fuzzer_global,1143,121
5887,fuzzer_global,1143,122
5888,fuzzer_global,1144,123
5889,fuzzer_global,1144,124
5890,fuzzer_global,1145,125
5891,fuzzer_global,1145,126
5892,fuzzer_global,1145,127
5893,fuzzer_global,1147,128
5894,fuzzer_global,1148,129
5895,fuzzer_global,1151,130
5896,fuzzer_global,1152,131
5897,fuzzer_global,1154,132
5898,fuzzer_global,1159,133
5899,fuzzer_global,1164,134
5900,fuzzer_global,1167,135
5901,fuzzer_global,1172,136
5902,fuzzer_global,1175,137
5903,fuzzer_global,1176,138
5904,fuzzer_global,1176,139
5905,fuzzer_global,1176,140
5906,fuzzer_global,1176,141
5907,fuzzer_global,1181,142
5908,fuzzer_global,1185,143
5909,fuzzer_global,1185,144
5910,fuzzer_global,1189,145
5911,fuzzer_global,1190,146
5912,fuzzer_global,1195,147
5913,fuzzer_global,1196,148
5914,fuzzer_global,1201,149
5915,fuzzer_global,1205,150
5916,fuzzer_global,1207,151
5917,fuzzer_global,1209,152
5918,fuzzer_global,1211,153
5919,fuzzer_global,1211,154
5920,fuzzer_global,1213,155
5921,fuzzer_global,1213,156
5922,fuzzer_global,1231,157
5923,fuzzer_global,1233,158
5924,fuzzer_global,1237,159
5925,fuzzer_global,1238,160
5926,fuzzer_global,1239,161
5927,fuzzer_global,1239,162
5928,fuzzer_global,1243,163
5929,fuzzer_global,1246,164
5930,fuzzer_global,1246,165
5931,fuzzer_global,1246,166
5932,fuzzer_global,1247,167
5933,fuzzer_global,1247,168
5934,fuzzer_global,1248,169
5935,fuzzer_global,1249,170
5936,fuzzer_global,1252,171
5937,fuzzer_global,1252,172
5938,fuzzer_global,1252,173
5939,fuzzer_global,1252,174
5940,fuzzer_global,1252,175
5941,fuzzer_global,1252,176
5942,fuzzer_global,1253,177
5943,fuzzer_global,1254,178
5944,fuzzer_global,1255,179
5945,fuzzer_global,1256,180
5946,fuzzer_global,1260,181
5947,fuzzer_global,1263,182
5948,fuzzer_global,1273,183
5949,fuzzer_global,1278,184
5950,fuzzer_global,1280,185
5951,fuzzer_global,1280,186
5952,fuzzer_global,1280,187
5953,fuzzer_global,1281,188
5954,fuzzer_global,1283,189
5955,fuzzer_global,1284,190
5956,fuzzer_global,1284,191
5957,fuzzer_global,1286,192
5958,fuzzer_global,1287,193
5959,fuzzer_global,1288,194
5960,fuzzer_global,1288,195
5961,fuzzer_global,1289,196
5962,fuzzer_global,1289,197
5963,fuzzer_global,1290,198
5964,fuzzer_global,1291,199
5965,fuzzer_global,1293,200
5966,fuzzer_global,1295,201
5967,fuzzer_global,1295,202
5968,fuzzer_global,1296,203
5969,fuzzer_global,1297,204
5970,fuzzer_global,1298,205
5971,fuzzer_global,1300,206
5972,fuzzer_global,1302,207
5973,fuzzer_global,1302,208
5974,fuzzer_global,1302,209
5975,fuzzer_global,1303,210
5976,fuzzer_global,1305,211
5977,fuzzer_global,1305,212
5978,fuzzer_global,1305,213
5979,fuzzer_global,1305,214
5980,fuzzer_global,1306,215
5981,fuzzer_global,1308,216
5982,fuzzer_global,1310,217
5983,fuzzer_global,1313,218
5984,fuzzer_global,1313,219
5985,fuzzer_global,1314,220
5986,fuzzer_global,1314,221
5987,fuzzer_global,1314,222
5988,fuzzer_global,1317,223
5989,fuzzer_global,1317,224
5990,fuzzer_global,1320,225
5991,fuzzer_global,1322,226
5992,fuzzer_global,1322,227
5993,fuzzer_global,1322,228
5994,fuzzer_global,1322,229
5995,fuzzer_global,1322,230
5996,fuzzer_global,1322,231
5997,fuzzer_global,1322,232
5998,fuzzer_global,1322,233
5999,fuzzer_global,1322,234
6000,fuzzer_global,1323,235
6001,fuzzer_global,1323,236
6002,fuzzer_global,1323,237
6003,fuzzer_global,1323,238
6004,fuzzer_global,1323,239
6005,fuzzer_global,1323,240
6006,fuzzer_global,1323,241
6007,fuzzer_global,1323,242
6008,fuzzer_global,1323,243
6009,fuzzer_global,1323,244
6010,fuzzer_global,1323,245
6011,fuzzer_global,1323,246
6012,fuzzer_global,1324,247
6013,fuzzer_global,1324,248
6014,fuzzer_global,1324,249
6015,fuzzer_global,1324,250
6016,fuzzer_global,1324,251
6017,fuzzer_global,1324,252
6018,fuzzer_global,1324,253
6019,fuzzer_global,1324,254
6020,fuzzer_global,1324,255
6021,fuzzer_global,1324,256
6022,fuzzer_global,1324,257
6023,fuzzer_global,1324,258
6024,fuzzer_global,1324,259
6025,fuzzer_global,1324,260
6026,fuzzer_global,1324,261
6027,fuzzer_global,1324,262
6028,fuzzer_global,1325,263
6029,fuzzer_global,1326,264
6030,fuzzer_global,1328,265
6031,fuzzer_global,1328,266
6032,fuzzer_global,1329,267
6033,fuzzer_global,1329,268
6034,fuzzer_global,1329,269
6035,fuzzer_global,1329,270
6036,fuzzer_global,1329,271
6037,fuzzer_global,1329,272
6038,fuzzer_global,1329,273
6039,fuzzer_global,1329,274
6040,fuzzer_global,1330,275
6041,fuzzer_global,1330,276
6042,fuzzer_global,1330,277
6043,fuzzer_global,1330,278
6044,fuzzer_global,1330,279
6045,fuzzer_global,1330,280
6046,fuzzer_global,1330,281
6047,fuzzer_global,1330,282
6048,fuzzer_global,1330,283
6049,fuzzer_global,1331,284
6050,fuzzer_global,1337,285
6051,fuzzer_global,1338,286
6052,fuzzer_global,1338,287
6053,fuzzer_global,1338,288
6054,fuzzer_global,1338,289
6055,fuzzer_global,1341,290
6056,fuzzer_global,1344,291
6057,fuzzer_global,1344,292
6058,fuzzer_global,1344,293
6059,fuzzer_global,1344,294
6060,fuzzer_global,1344,295
6061,fuzzer_global,1345,296
6062,fuzzer_global,1345,297
6063,fuzzer_global,1345,298
6064,fuzzer_global,1346,299
6065,fuzzer_global,1346,300
6066,fuzzer_global,1346,301
6067,fuzzer_global,1346,302
6068,fuzzer_global,1346,303
6069,fuzzer_global,1346,304
6070,fuzzer_global,1346,305
6071,fuzzer_global,1346,306
6072,fuzzer_global,1346,307
6073,fuzzer_global,1346,308
6074,fuzzer_global,1346,309
6075,fuzzer_global,1348,310
6076,fuzzer_global,1349,311
6077,fuzzer_global,1349,312
6078,fuzzer_global,1349,313
6079,fuzzer_global,1349,314
6080,fuzzer_global,1351,315
6081,fuzzer_global,1352,316
6082,fuzzer_global,1353,317
6083,fuzzer_global,1353,318
6084,fuzzer_global,1353,319
6085,fuzzer_global,1354,320
6086,fuzzer_global,1357,321
6087,fuzzer_global,1357,322
6088,fuzzer_global,1358,323
6089,fuzzer_global,1358,324
6090,fuzzer_global,1358,325
6091,fuzzer_global,1358,326
6092,fuzzer_global,1358,327
6093,fuzzer_global,1363,328
6094,fuzzer_global,1363,329
6095,fuzzer_global,1378,330
6096,fuzzer_global,1379,331
6097,fuzzer_global,1387,332
6098,fuzzer_global,1391,333
6099,fuzzer_global,1399,334
6100,fuzzer_global,1412,335
6101,fuzzer_global,1422,336
6102,fuzzer_global,1430,337
6103,fuzzer_global,1437,338
6104,fuzzer_global,1440,339
6105,fuzzer_global,1443,340
6106,fuzzer_global,1443,341
6107,fuzzer_global,1446,342
6108,fuzzer_global,1450,343
6109,fuzzer_global,1452,344
6110,fuzzer_global,1455,345
6111,fuzzer_global,1460,346
6112,fuzzer_global,1461,347
6113,fuzzer_global,1463,348
6114,fuzzer_global,1463,349
6115,fuzzer_global,1463,350
6116,fuzzer_global,1463,351
6117,fuzzer_global,1466,352
6118,fuzzer_global,1468,353
6119,fuzzer_global,1468,354
6120,fuzzer_global,1468,355
6121,fuzzer_global,1468,356
6122,fuzzer_global,1468,357
6123,fuzzer_global,1468,358
6124,fuzzer_global,1468,359
6125,fuzzer_global,1471,360
6126,fuzzer_global,1471,361
6127,fuzzer_global,1471,362
6128,fuzzer_global,1471,363
6129,fuzzer_global,1471,364
6130,fuzzer_global,1471,365
6131,fuzzer_global,1471,366
6132,fuzzer_global,1472,367
6133,fuzzer_global,1473,368
6134,fuzzer_global,1474,369
6135,fuzzer_global,1474,370
6136,fuzzer_global,1474,371
6137,fuzzer_global,1475,372
6138,fuzzer_global,1478,373
6139,fuzzer_global,1479,374
6140,fuzzer_global,1482,375
6141,fuzzer_global,1483,376
6142,fuzzer_global,1485,377
6143,fuzzer_global,1486,378
6144,fuzzer_global,1491,379
6145,fuzzer_global,1493,380
6146,fuzzer_global,1494,381
6147,fuzzer_global,1494,382
6148,fuzzer_global,1498,383
6149,fuzzer_global,1503,384
6150,fuzzer_global,1504,385
6151,fuzzer_global,1508,386
6152,fuzzer_global,1513,387
6153,fuzzer_global,1513,388
6154,fuzzer_global,1513,389
6155,fuzzer_global,1513,390
6156,fuzzer_global,1515,391
6157,fuzzer_global,1517,392
6158,fuzzer_global,1517,393
6159,fuzzer_global,1517,394
6160,fuzzer_global,1520,395
6161,fuzzer_global,1520,396
6162,fuzzer_global,1525,397
6163,fuzzer_global,1525,398
6164,fuzzer_global,1525,399
6165,fuzzer_global,1526,400
6166,fuzzer_global,1526,401
6167,fuzzer_global,1526,402
6168,fuzzer_global,1528,403
6169,fuzzer_global,1529,404
6170,fuzzer_global,1529,405
6171,fuzzer_global,1529,406
6172,fuzzer_global,1531,407
6173,fuzzer_global,1531,408
6174,fuzzer_global,1531,409
6175,fuzzer_global,1532,410
6176,fuzzer_global,1532,411
6177,fuzzer_global,1532,412
6178,fuzzer_global,1532,413
6179,fuzzer_global,1532,414
6180,fuzzer_global,1533,415
6181,fuzzer_global,1533,416
6182,fuzzer_global,1533,417
6183,fuzzer_global,1534,418
6184,fuzzer_global,1536,419
6185,fuzzer_global,1536,420
6186,fuzzer_global,1536,421
6187,fuzzer_global,1536,422
6188,fuzzer_global,1537,423
6189,fuzzer_global,1537,424
6190,fuzzer_global,1537,425
6191,fuzzer_global,1538,426
6192,fuzzer_global,1539,427
6193,fuzzer_global,1540,428
6194,fuzzer_global,1540,429
6195,fuzzer_global,1540,430
6196,fuzzer_global,1540,431
6197,fuzzer_global,1541,432
6198,fuzzer_global,1542,433
6199,fuzzer_global,1542,434
6200,fuzzer_global,1542,435
6201,fuzzer_global,1542,436
6202,fuzzer_global,1542,437
6203,fuzzer_global,1542,438
6204,fuzzer_global,1542,439
6205,fuzzer_global,1542,440
6206,fuzzer_global,1544,441
6207,fuzzer_global,1544,442
6208,fuzzer_global,1544,443
6209,fuzzer_global,1545,444
6210,fuzzer_global,1545,445
6211,fuzzer_global,1545,446
6212,fuzzer_global,1545,447
6213,fuzzer_global,1545,448
6214,fuzzer_global,1547,449
6215,fuzzer_global,1548,450
6216,fuzzer_global,1548,451
6217,fuzzer_global,1550,452
6218,fuzzer_global,1550,453
6219,fuzzer_global,1550,454
6220,fuzzer_global,1550,455
6221,fuzzer_global,1550,456
6222,fuzzer_global,1550,457
6223,fuzzer_global,1550,458
6224,fuzzer_global,1551,459
6225,fuzzer_global,1551,460
6226,fuzzer_global,1551,461
6227,fuzzer_global,1551,462
6228,fuzzer_global,1551,463
6229,fuzzer_global,1551,464
6230,fuzzer_global,1551,465
6231,fuzzer_global,1553,466
6232,fuzzer_global,1553,467
6233,fuzzer_global,1553,468
6234,fuzzer_global,1553,469
6235,fuzzer_global,1553,470
6236,fuzzer_global,1553,471
6237,fuzzer_global,1553,472
6238,fuzzer_global,1554,473
6239,fuzzer_global,1556,474
6240,fuzzer_global,1556,475
6241,fuzzer_global,1556,476
6242,fuzzer_global,1556,477
6243,fuzzer_global,1556,478
6244,fuzzer_global,1556,479
6245,fuzzer_global,1556,480
6246,fuzzer_global,1556,481
6247,fuzzer_global,1556,482
6248,fuzzer_global,1556,483
6249,fuzzer_global,1556,484
6250,fuzzer_global,1558,485
6251,fuzzer_global,1560,486
6252,fuzzer_global,1560,487
6253,fuzzer_global,1560,488
6254,fuzzer_global,1560,489
6255,fuzzer_global,1560,490
6256,fuzzer_global,1561,491
6257,fuzzer_global,1561,492
6258,fuzzer_global,1561,493
6259,fuzzer_global,1565,494
6260,fuzzer_global,1565,495
6261,fuzzer_global,1565,496
6262,fuzzer_global,1565,497
6263,fuzzer_global,1567,498
6264,fuzzer_global,1568,499
6265,fuzzer_global,1570,500
6266,fuzzer_global,1572,501
6267,fuzzer_global,1572,502
6268,fuzzer_global,1573,503
6269,fuzzer_global,1573,504
6270,fuzzer_global,1573,505
6271,fuzzer_global,1573,506
6272,fuzzer_global,1574,507
6273,fuzzer_global,1574,508
6274,fuzzer_global,1574,509
6275,fuzzer_global,1574,510
6276,fuzzer_global,1574,511
6277,fuzzer_global,1576,512
6278,fuzzer_global,1578,513
6279,fuzzer_global,1578,514
6280,fuzzer_global,1578,515
6281,fuzzer_global,1578,516
6282,fuzzer_global,1578,517
6283,fuzzer_global,1578,518
6284,fuzzer_global,1578,519
6285,fuzzer_global,1579,520
6286,fuzzer_global,1580,521
6287,fuzzer_global,1580,522
6288,fuzzer_global,1580,523
6289,fuzzer_global,1580,524
6290,fuzzer_global,1581,525
6291,fuzzer_global,1582,526
6292,fuzzer_global,1582,527
6293,fuzzer_global,1582,528
6294,fuzzer_global,1582,529
6295,fuzzer_global,1582,530
6296,fuzzer_global,1582,531
6297,fuzzer_global,1582,532
6298,fuzzer_global,1582,533
6299,fuzzer_global,1582,534
6300,fuzzer_global,1582,535
6301,fuzzer_global,1582,536
6302,fuzzer_global,1582,537
6303,fuzzer_global,1582,538
6304,fuzzer_global,1582,539
6305,fuzzer_global,1583,540
6306,fuzzer_global,1584,541
6307,fuzzer_global,1586,542
6308,fuzzer_global,1586,543
6309,fuzzer_global,1587,544
6310,fuzzer_global,1587,545
6311,fuzzer_global,1587,546
6312,fuzzer_global,1588,547
6313,fuzzer_global,1590,548
6314,fuzzer_global,1590,549
6315,fuzzer_global,1590,550
6316,fuzzer_global,1591,551
6317,fuzzer_global,1591,552
6318,fuzzer_global,1591,553
6319,fuzzer_global,1591,554
6320,fuzzer_global,1591,555
6321,fuzzer_global,1591,556
6322,fuzzer_global,1592,557
6323,fuzzer_global,1592,558
6324,fuzzer_global,1592,559
6325,fuzzer_global,1592,560
6326,fuzzer_global,1593,561
6327,fuzzer_global,1593,562
6328,fuzzer_global,1593,563
6329,fuzzer_global,1593,564
6330,fuzzer_global,1593,565
6331,fuzzer_global,1593,566
6332,fuzzer_global,1593,567
6333,fuzzer_global,1594,568
6334,fuzzer_global,1594,569
6335,fuzzer_global,1594,570
6336,fuzzer_global,1594,571
6337,fuzzer_global,1595,572
6338,fuzzer_global,1595,573
6339,fuzzer_global,1595,574
6340,fuzzer_global,1595,575
6341,fuzzer_global,1596,576
6342,fuzzer_global,1596,577
6343,fuzzer_global,1596,578
6344,fuzzer_global,1596,579
6345,fuzzer_global,1596,580
6346,fuzzer_global,1596,581
6347,fuzzer_global,1596,582
6348,fuzzer_global,1597,583
6349,fuzzer_global,1598,584
6350,fuzzer_global,1599,585
6351,fuzzer_global,1600,586
6352,fuzzer_global,1600,587
6353,fuzzer_global,1600,588
6354,fuzzer_global,1600,589
6355,fuzzer_global,1600,590
6356,fuzzer_global,1600,591
6357,fuzzer_global,1600,592
6358,fuzzer_global,1600,593
6359,fuzzer_global,1600,594
6360,fuzzer_global,1600,595
6361,fuzzer_global,1600,596
6362,fuzzer_global,1600,597
6363,fuzzer_global,1600,598
6364,fuzzer_global,1600,599
6365,fuzzer_global,1600,600
6366,fuzzer_global,1600,601
6367,fuzzer_global,1601,602
6368,fuzzer_global,1601,603
6369,fuzzer_global,1601,604
6370,fuzzer_global,1601,605
6371,fuzzer_global,1601,606
6372,fuzzer_global,1601,607
6373,fuzzer_global,1601,608
6374,fuzzer_global,1601,609
6375,fuzzer_global,1601,610
6376,fuzzer_global,1602,611
6377,fuzzer_global,1602,612
6378,fuzzer_global,1602,613
6379,fuzzer_global,1602,614
6380,fuzzer_global,1602,615
6381,fuzzer_global,1602,616
6382,fuzzer_global,1602,617
6383,fuzzer_global,1602,618
6384,fuzzer_global,1602,619
6385,fuzzer_global,1602,620
6386,fuzzer_global,1602,621
6387,fuzzer_global,1602,622
6388,fuzzer_global,1602,623
6389,fuzzer_global,1602,624
6390,fuzzer_global,1602,625
6391,fuzzer_global,1602,626
6392,fuzzer_global,1602,627
6393,fuzzer_global,1602,628
6394,fuzzer_global,1602,629
6395,fuzzer_global,1602,630
6396,fuzzer_global,1602,631
6397,fuzzer_global,1602,632
6398,fuzzer_global,1602,633
6399,fuzzer_global,1602,634
6400,fuzzer_global,1602,635
6401,fuzzer_global,1602,636
6402,fuzzer_global,1602,637
6403,fuzzer_global,1602,638
6404,fuzzer_global,1602,639
6405,fuzzer_global,1602,640
6406,fuzzer_global,1602,641
6407,fuzzer_global,1602,642
6408,fuzzer_global,1602,643
6409,fuzzer_global,1602,644
6410,fuzzer_global,1602,645
6411,fuzzer_global,1603,646
6412,fuzzer_global,1603,647
6413,fuzzer_global,1603,648
6414,fuzzer_global,1603,649
6415,fuzzer_global,1603,650
6416,fuzzer_global,1603,651
6417,fuzzer_global,1603,652
6418,fuzzer_global,1604,653
6419,fuzzer_global,1604,654
6420,fuzzer_global,1604,655
6421,fuzzer_global,1605,656
6422,fuzzer_global,1605,657
6423,fuzzer_global,1606,658
6424,fuzzer_global,1607,659
6425,fuzzer_global,1607,660
6426,fuzzer_global,1608,661
6427,fuzzer_global,1608,662
6428,fuzzer_global,1608,663
6429,fuzzer_global,1608,664
6430,fuzzer_global,1608,665
6431,fuzzer_global,1608,666
6432,fuzzer_global,1608,667
6433,fuzzer_global,1608,668
6434,fuzzer_global,1608,669
6435,fuzzer_global,1608,670
6436,fuzzer_global,1608,671
6437,fuzzer_global,1608,672
6438,fuzzer_global,1608,673
6439,fuzzer_global,1608,674
6440,fuzzer_global,1608,675
6441,fuzzer_global,1609,676
6442,fuzzer_global,1609,677
6443,fuzzer_global,1609,678
6444,fuzzer_global,1610,679
6445,fuzzer_global,1610,680
6446,fuzzer_global,1610,681
6447,fuzzer_global,1610,682
6448,fuzzer_global,1610,683
6449,fuzzer_global,1610,684
6450,fuzzer_global,1610,685
6451,fuzzer_global,1611,686
6452,fuzzer_global,1611,687
6453,fuzzer_global,1612,688
6454,fuzzer_global,1612,689
6455,fuzzer_global,1615,690
6456,fuzzer_global,1616,691
6457,fuzzer_global,1616,692
6458,fuzzer_global,1616,693
6459,fuzzer_global,1616,694
6460,fuzzer_global,1616,695
6461,fuzzer_global,1616,696
6462,fuzzer_global,1616,697
6463,fuzzer_global,1616,698
6464,fuzzer_global,1616,699
6465,fuzzer_global,1616,700
6466,fuzzer_global,1616,701
6467,fuzzer_global,1616,702
6468,fuzzer_global,1616,703
6469,fuzzer_global,1616,704
6470,fuzzer_global,1616,705
6471,fuzzer_global,1616,706
6472,fuzzer_global,1616,707
6473,fuzzer_global,1617,708
6474,fuzzer_global,1617,709
6475,fuzzer_global,1617,710
6476,fuzzer_global,1617,711
6477,fuzzer_global,1617,712
6478,fuzzer_global,1617,713
6479,fuzzer_global,1617,714
6480,fuzzer_global,1618,715
6481,fuzzer_global,1618,716
6482,fuzzer_global,1618,717
6483,fuzzer_global,1618,718
6484,fuzzer_global,1618,719
6485,fuzzer_global,1618,720
6486,fuzzer_global,1618,721
6487,fuzzer_global,1618,722
6488,fuzzer_global,1618,723
6489,fuzzer_global,1618,724
6490,fuzzer_global,1618,725
6491,fuzzer_global,1618,726
6492,fuzzer_global,1618,727
6493,fuzzer_global,1619,728
6494,fuzzer_global,1619,729
6495,fuzzer_global,1619,730
6496,fuzzer_global,1619,731
6497,fuzzer_global,1619,732
6498,fuzzer_global,1619,733
6499,fuzzer_global,1619,734
6500,fuzzer_global,1622,735
6501,fuzzer_global,1622,736
6502,fuzzer_global,1623,737
6503,fuzzer_global,1623,738
6504,fuzzer_global,1623,739
6505,fuzzer_global,1623,740
6506,fuzzer_global,1623,741
6507,fuzzer_global,1623,742
6508,fuzzer_global,1623,743
6509,fuzzer_global,1623,744
6510,fuzzer_global,1623,745
6511,fuzzer_global,1623,746
6512,fuzzer_global,1623,747
6513,fuzzer_global,1624,748
6514,fuzzer_global,1624,749
6515,fuzzer_global,1624,750
6516,fuzzer_global,1624,751
6517,fuzzer_global,1624,752
6518,fuzzer_global,1624,753
6519,fuzzer_global,1624,754
6520,fuzzer_global,1624,755
6521,fuzzer_global,1624,756
6522,fuzzer_global,1624,757
6523,fuzzer_global,1624,758
6524,fuzzer_global,1624,759
6525,fuzzer_global,1624,760
6526,fuzzer_global,1625,761
6527,fuzzer_global,1625,762
6528,fuzzer_global,1625,763
6529,fuzzer_global,1625,764
6530,fuzzer_global,1625,765
6531,fuzzer_global,1625,766
6532,fuzzer_global,1625,767
6533,fuzzer_global,1626,768
6534,fuzzer_global,1626,769
6535,fuzzer_global,1629,770
6536,fuzzer_global,1630,771
6537,fuzzer_global,1630,772
6538,fuzzer_global,1630,773
6539,fuzzer_global,1630,774
6540,fuzzer_global,1630,775
6541,fuzzer_global,1631,776
6542,fuzzer_global,1631,777
6543,fuzzer_global,1631,778
6544,fuzzer_global,1631,779
6545,fuzzer_global,1631,780
6546,fuzzer_global,1631,781
6547,fuzzer_global,1631,782
6548,fuzzer_global,1631,783
6549,fuzzer_global,1631,784
6550,fuzzer_global,1631,785
6551,fuzzer_global,1631,786
6552,fuzzer_global,1631,787
6553,fuzzer_global,1632,788
6554,fuzzer_global,1633,789
6555,fuzzer_global,1635,790
6556,fuzzer_global,1635,791
6557,fuzzer_global,1635,792
6558,fuzzer_global,1636,793
6559,fuzzer_global,1637,794
6560,fuzzer_global,1637,795
6561,fuzzer_global,1637,796
6562,fuzzer_global,1637,797
6563,fuzzer_global,1638,798
6564,fuzzer_global,1639,799
6565,fuzzer_global,1640,800
6566,fuzzer_global,1640,801
6567,fuzzer_global,1640,802
6568,fuzzer_global,1640,803
6569,fuzzer_global,1640,804
6570,fuzzer_global,1640,805
6571,fuzzer_global,1641,806
6572,fuzzer_global,1641,807
6573,fuzzer_global,1641,808
6574,fuzzer_global,1641,809
6575,fuzzer_global,1643,810
6576,fuzzer_global,1644,811
6577,fuzzer_global,1645,812
6578,fuzzer_global,1645,813
6579,fuzzer_global,1645,814
6580,fuzzer_global,1646,815
6581,fuzzer_global,1646,816
6582,fuzzer_global,1646,817
6583,fuzzer_global,1646,818
6584,fuzzer_global,1646,819
6585,fuzzer_global,1646,820
6586,fuzzer_global,1646,821
6587,fuzzer_global,1646,822
6588,fuzzer_global,1646,823
6589,fuzzer_global,1646,824
6590,fuzzer_global,1646,825
6591,fuzzer_global,1646,826
6592,fuzzer_global,1646,827
6593,fuzzer_global,1646,828
6594,fuzzer_global,1648,829
6595,fuzzer_global,1648,830
6596,fuzzer_global,1648,831
6597,fuzzer_global,1648,832
6598,fuzzer_global,1648,833
6599,fuzzer_global,1648,834
6600,fuzzer_global,1648,835
6601,fuzzer_global,1649,836
6602,fuzzer_global,1649,837
6603,fuzzer_global,1649,838
6604,fuzzer_global,1649,839
6605,fuzzer_global,1649,840
6606,fuzzer_global,1649,841
6607,fuzzer_global,1649,842
6608,fuzzer_global,1649,843
6609,fuzzer_global,1649,844
6610,fuzzer_global,1650,845
6611,fuzzer_global,1650,846
6612,fuzzer_global,1650,847
6613,fuzzer_global,1650,848
6614,fuzzer_global,1650,849
6615,fuzzer_global,1650,850
6616,fuzzer_global,1651,851
6617,fuzzer_global,1651,852
6618,fuzzer_global,1662,853
6619,fuzzer_global,1663,854
6620,fuzzer_global,1663,855
6621,fuzzer_global,1666,856
6622,fuzzer_global,1666,857
6623,fuzzer_global,1666,858
6624,fuzzer_global,1666,859
6625,fuzzer_global,1666,860
6626,fuzzer_global,1666,861
6627,fuzzer_global,1666,862
6628,fuzzer_global,1666,863
6629,fuzzer_global,1666,864
6630,fuzzer_global,1666,865
6631,fuzzer_global,1666,866
6632,fuzzer_global,1666,867
6633,fuzzer_global,1666,868
6634,fuzzer_global,1666,869
6635,fuzzer_global,1666,870
6636,fuzzer_global,1666,871
6637,fuzzer_global,1666,872
6638,fuzzer_global,1666,873
6639,fuzzer_global,1666,874
6640,fuzzer_global,1666,875
6641,fuzzer_global,1666,876
6642,fuzzer_global,1666,877
6643,fuzzer_global,1666,878
6644,fuzzer_global,1666,879
6645,fuzzer_global,1666,880
6646,fuzzer_global,1666,881
6647,fuzzer_global,1666,882
6648,fuzzer_global,1667,883
6649,fuzzer_global,1667,884
6650,fuzzer_global,1667,885
6651,fuzzer_global,1667,886
6652,fuzzer_global,1667,887
6653,fuzzer_global,1667,888
6654,fuzzer_global,1667,889
6655,fuzzer_global,1667,890
6656,fuzzer_global,1667,891
6657,fuzzer_global,1667,892
6658,fuzzer_global,1667,893
6659,fuzzer_global,1667,894
6660,fuzzer_global,1667,895
6661,fuzzer_global,1667,896
6662,fuzzer_global,1667,897
6663,fuzzer_global,1667,898
6664,fuzzer_global,1667,899
6665,fuzzer_global,1667,900
6666,fuzzer_global,1667,901
6667,fuzzer_global,1668,902
6668,fuzzer_global,1668,903
6669,fuzzer_global,1668,904
6670,fuzzer_global,1668,905
6671,fuzzer_global,1668,906
6672,fuzzer_global,1668,907
6673,fuzzer_global,1668,908
6674,fuzzer_global,1668,909
6675,fuzzer_global,1668,910
6676,fuzzer_global,1668,911
6677,fuzzer_global,1668,912
6678,fuzzer_global,1668,913
6679,fuzzer_global,1668,914
6680,fuzzer_global,1668,915
6681,fuzzer_global,1668,916
6682,fuzzer_global,1668,917
6683,fuzzer_global,1668,918
6684,fuzzer_global,1668,919
6685,fuzzer_global,1668,920
6686,fuzzer_global,1668,921
6687,fuzzer_global,1669,922
6688,fuzzer_global,1669,923
6689,fuzzer_global,1670,924
6690,fuzzer_global,1673,925
6691,fuzzer_global,1675,926
6692,fuzzer_global,1675,927
6693,fuzzer_global,1675,928
6694,fuzzer_global,1675,929
6695,fuzzer_global,1675,930
6696,fuzzer_global,1675,931
6697,fuzzer_global,1675,932
6698,fuzzer_global,1675,933
6699,fuzzer_global,1675,934
6700,fuzzer_global,1675,935
6701,fuzzer_global,1675,936
6702,fuzzer_global,1675,937
6703,fuzzer_global,1675,938
6704,fuzzer_global,1675,939
6705,fuzzer_global,1675,940
6706,fuzzer_global,1675,941
6707,fuzzer_global,1675,942
6708,fuzzer_global,1675,943
6709,fuzzer_global,1675,944
6710,fuzzer_global,1675,945
6711,fuzzer_global,1675,946
6712,fuzzer_global,1675,947
6713,fuzzer_global,1675,948
6714,fuzzer_global,1675,949
6715,fuzzer_global,1675,950
6716,fuzzer_global,1675,951
6717,fuzzer_global,1676,952
6718,fuzzer_global,1676,953
6719,fuzzer_global,1676,954
6720,fuzzer_global,1676,955
6721,fuzzer_global,1676,956
6722,fuzzer_global,1676,957
6723,fuzzer_global,1676,958
6724,fuzzer_global,1676,959
6725,fuzzer_global,1676,960
6726,fuzzer_global,1676,961
6727,fuzzer_global,1676,962
6728,fuzzer_global,1676,963
6729,fuzzer_global,1676,964
6730,fuzzer_global,1676,965
6731,fuzzer_global,1676,966
6732,fuzzer_global,1676,967
6733,fuzzer_global,1676,968
6734,fuzzer_global,1676,969
6735,fuzzer_global,1676,970
6736,fuzzer_global,1676,971
6737,fuzzer_global,1676,972
6738,fuzzer_global,1676,973
6739,fuzzer_global,1676,974
6740,fuzzer_global,1676,975
6741,fuzzer_global,1676,976
6742,fuzzer_global,1676,977
6743,fuzzer_global,1676,978
6744,fuzzer_global,1676,979
6745,fuzzer_global,1676,980
6746,fuzzer_global,1676,981
6747,fuzzer_global,1678,982
6748,fuzzer_global,1679,983
6749,fuzzer_global,1679,984
6750,fuzzer_global,1679,985
6751,fuzzer_global,1679,986
6752,fuzzer_global,1680,987
6753,fuzzer_global,1680,988
6754,fuzzer_global,1680,989
6755,fuzzer_global,1680,990
6756,fuzzer_global,1680,991
6757,fuzzer_global,1680,992
6758,fuzzer_global,1680,993
6759,fuzzer_global,1680,994
6760,fuzzer_global,1680,995
6761,fuzzer_global,1680,996
6762,fuzzer_global,1680,997
6763,fuzzer_global,1680,998
6764,fuzzer_global,1680,999
6765,fuzzer_global,1680,1000
6766,fuzzer_global,1680,1001
6767,fuzzer_global,1680,1002
6768,fuzzer_global,1680,1003
6769,fuzzer_global,1680,1004
6770,fuzzer_global,1681,1005
6771,fuzzer_global,1681,1006
6772,fuzzer_global,1681,1007
6773,fuzzer_global,1681,1008
6774,fuzzer_global,1681,1009
6775,fuzzer_global,1681,1010
6776,fuzzer_global,1681,1011
6777,fuzzer_global,1681,1012
6778,fuzzer_global,1681,1013
6779,fuzzer_global,1681,1014
6780,fuzzer_global,1681,1015
6781,fuzzer_global,1681,1016
6782,fuzzer_global,1681,1017
6783,fuzzer_global,1681,1018
6784,fuzzer_global,1681,1019
6785,fuzzer_global,1681,1020
6786,fuzzer_global,1681,1021
6787,fuzzer_global,1681,1022
6788,fuzzer_global,1681,1023
6789,fuzzer_global,1681,1024
6790,fuzzer_global,1681,1025
6791,fuzzer_global,1681,1026
6792,fuzzer_global,1681,1027
6793,fuzzer_global,1681,1028
6794,fuzzer_global,1681,1029
6795,fuzzer_global,1681,1030
6796,fuzzer_global,1681,1031
6797,fuzzer_global,1681,1032
6798,fuzzer_global,1681,1033
6799,fuzzer_global,1681,1034
6800,fuzzer_global,1681,1035
6801,fuzzer_global,1682,1036
6802,fuzzer_global,1683,1037
6803,fuzzer_global,1684,1038
6804,fuzzer_global,1686,1039
6805,fuzzer_global,1688,1040
6806,fuzzer_global,1690,1041
6807,fuzzer_global,1690,1042
6808,fuzzer_global,1690,1043
6809,fuzzer_global,1690,1044
6810,fuzzer_global,1690,1045
6811,fuzzer_global,1691,1046
6812,fuzzer_global,1691,1047
6813,fuzzer_global,1694,1048
6814,fuzzer_global,1697,1049
6815,fuzzer_global,1698,1050
6816,fuzzer_global,1698,1051
6817,fuzzer_global,1698,1052
6818,fuzzer_global,1699,1053
6819,fuzzer_global,1699,1054
6820,fuzzer_global,1699,1055
6821,fuzzer_global,1699,1056
6822,fuzzer_global,1699,1057
6823,fuzzer_global,1699,1058
6824,fuzzer_global,1699,1059
6825,fuzzer_global,1700,1060
6826,fuzzer_global,1702,1061
6827,fuzzer_global,1702,1062
6828,fuzzer_global,1702,1063
6829,fuzzer_global,1703,1064
6830,fuzzer_global,1703,1065
6831,fuzzer_global,1703,1066
6832,fuzzer_global,1704,1067
6833,fuzzer_global,1705,1068
6834,fuzzer_global,1705,1069
6835,fuzzer_global,1705,1070
6836,fuzzer_global,1705,1071
6837,fuzzer_global,1705,1072
6838,fuzzer_global,1706,1073
6839,fuzzer_global,1706,1074
6840,fuzzer_global,1706,1075
6841,fuzzer_global,1706,1076
6842,fuzzer_global,1706,1077
6843,fuzzer_global,1706,1078
6844,fuzzer_global,1706,1079
6845,fuzzer_global,1706,1080
6846,fuzzer_global,1706,1081
6847,fuzzer_global,1706,1082
6848,fuzzer_global,1707,1083
6849,fuzzer_global,1708,1084
6850,fuzzer_global,1709,1085
6851,fuzzer_global,1709,1086
6852,fuzzer_global,1709,1087
6853,fuzzer_global,1709,1088
6854,fuzzer_global,1709,1089
6855,fuzzer_global,1709,1090
6856,fuzzer_global,1709,1091
6857,fuzzer_global,1709,1092
6858,fuzzer_global,1709,1093
6859,fuzzer_global,1709,1094
6860,fuzzer_global,1709,1095
6861,fuzzer_global,1710,1096
6862,fuzzer_global,1711,1097
6863,fuzzer_global,1711,1098
6864,fuzzer_global,1711,1099
6865,fuzzer_global,1712,1100
6866,fuzzer_global,1712,1101
6867,fuzzer_global,1712,1102
6868,fuzzer_global,1712,1103
6869,fuzzer_global,1712,1104
6870,fuzzer_global,1712,1105
6871,fuzzer_global,1712,1106
6872,fuzzer_global,1712,1107
6873,fuzzer_global,1712,1108
6874,fuzzer_global,1712,1109
6875,fuzzer_global,1712,1110
6876,fuzzer_global,1712,1111
6877,fuzzer_global,1712,1112
6878,fuzzer_global,1712,1113
6879,fuzzer_global,1712,1114
6880,fuzzer_global,1712,1115
6881,fuzzer_global,1712,1116
6882,fuzzer_global,1712,1117
6883,fuzzer_global,1712,1118
6884,fuzzer_global,1712,1119
6885,fuzzer_global,1712,1120
6886,fuzzer_global,1712,1121
6887,fuzzer_global,1712,1122
6888,fuzzer_global,1712,1123
6889,fuzzer_global,1712,1124
6890,fuzzer_global,1712,1125
6891,fuzzer_global,1712,1126
6892,fuzzer_global,1712,1127
6893,fuzzer_global,1712,1128
6894,fuzzer_global,1712,1129
6895,fuzzer_global,1712,1130
6896,fuzzer_global,1712,1131
6897,fuzzer_global,1712,1132
6898,fuzzer_global,1712,1133
6899,fuzzer_global,1712,1134
6900,fuzzer_global,1712,1135
6901,fuzzer_global,1712,1136
6902,fuzzer_global,1712,1137
6903,fuzzer_global,1712,1138
6904,fuzzer_global,1712,1139
6905,fuzzer_global,1712,1140
6906,fuzzer_global,1712,1141
6907,fuzzer_global,1712,1142
6908,fuzzer_global,1712,1143
6909,fuzzer_global,1712,1144
6910,fuzzer_global,1712,1145
6911,fuzzer_global,1712,1146
6912,fuzzer_global,1712,1147
6913,fuzzer_global,1712,1148
6914,fuzzer_global,1712,1149
6915,fuzzer_global,1712,1150
6916,fuzzer_global,1712,1151
6917,fuzzer_global,1712,1152
6918,fuzzer_global,1712,1153
6919,fuzzer_global,1712,1154
6920,fuzzer_global,1713,1155
6921,fuzzer_global,1719,1156
6922,fuzzer_global,1719,1157
6923,fuzzer_global,1719,1158
6924,fuzzer_global,1720,1159
6925,fuzzer_global,1720,1160
6926,fuzzer_global,1720,1161
6927,fuzzer_global,1720,1162
6928,fuzzer_global,1720,1163
6929,fuzzer_global,1720,1164
6930,fuzzer_global,1720,1165
6931,fuzzer_global,1720,1166
6932,fuzzer_global,1720,1167
6933,fuzzer_global,1722,1168
6934,fuzzer_global,1722,1169
6935,fuzzer_global,1722,1170
6936,fuzzer_global,1722,1171
6937,fuzzer_global,1722,1172
6938,fuzzer_global,1722,1173
6939,fuzzer_global,1722,1174
6940,fuzzer_global,1722,1175
6941,fuzzer_global,1722,1176
6942,fuzzer_global,1722,1177
6943,fuzzer_global,1722,1178
6944,fuzzer_global,1723,1179
6945,fuzzer_global,1723,1180
6946,fuzzer_global,1724,1181
6947,fuzzer_global,1724,1182
6948,fuzzer_global,1724,1183
6949,fuzzer_global,1724,1184
6950,fuzzer_global,1724,1185
6951,fuzzer_global,1724,1186
6952,fuzzer_global,1724,1187
6953,fuzzer_global,1724,1188
6954,fuzzer_global,1724,1189
6955,fuzzer_global,1724,1190
6956,fuzzer_global,1724,1191
6957,fuzzer_global,1724,1192
6958,fuzzer_global,1724,1193
6959,fuzzer_global,1724,1194
6960,fuzzer_global,1724,1195
6961,fuzzer_global,1724,1196
6962,fuzzer_global,1724,1197
6963,fuzzer_global,1724,1198
6964,fuzzer_global,1724,1199
6965,fuzzer_global,1724,1200
6966,fuzzer_global,1724,1201
6967,fuzzer_global,1724,1202
6968,fuzzer_global,1724,1203
6969,fuzzer_global,1724,1204
6970,fuzzer_global,1724,1205
6971,fuzzer_global,1724,1206
6972,fuzzer_global,1724,1207
6973,fuzzer_global,1724,1208
6974,fuzzer_global,1724,1209
6975,fuzzer_global,1725,1210
6976,fuzzer_global,1725,1211
6977,fuzzer_global,1725,1212
6978,fuzzer_global,1725,1213
6979,fuzzer_global,1725,1214
6980,fuzzer_global,1725,1215
6981,fuzzer_global,1725,1216
6982,fuzzer_global,1725,1217
6983,fuzzer_global,1725,1218
6984,fuzzer_global,1725,1219
6985,fuzzer_global,1725,1220
6986,fuzzer_global,1725,1221
6987,fuzzer_global,1725,1222
6988,fuzzer_global,1725,1223
6989,fuzzer_global,1725,1224
6990,fuzzer_global,1725,1225
6991,fuzzer_global,1725,1226
6992,fuzzer_global,1725,1227
6993,fuzzer_global,1725,1228
6994,fuzzer_global,1725,1229
6995,fuzzer_global,1725,1230
6996,fuzzer_global,1725,1231
6997,fuzzer_global,1725,1232
6998,fuzzer_global,1725,1233
6999,fuzzer_global,1725,1234
7000,fuzzer_global,1725,1235
7001,fuzzer_global,1725,1236
7002,fuzzer_global,1725,1237
7003,fuzzer_global,1725,1238
7004,fuzzer_global,1725,1239
7005,fuzzer_global,1725,1240
7006,fuzzer_global,1725,1241
7007,fuzzer_global,1725,1242
7008,fuzzer_global,1725,1243
7009,fuzzer_global,1725,1244
7010,fuzzer_global,1725,1245
7011,fuzzer_global,1725,1246
7012,fuzzer_global,1725,1247
7013,fuzzer_global,1725,1248
7014,fuzzer_global,1725,1249
7015,fuzzer_global,1725,1250
7016,fuzzer_global,1725,1251
7017,fuzzer_global,1725,1252
7018,fuzzer_global,1725,1253
7019,fuzzer_global,1725,1254
7020,fuzzer_global,1725,1255
7021,fuzzer_global,1725,1256
7022,fuzzer_global,1725,1257
7023,fuzzer_global,1725,1258
7024,fuzzer_global,1725,1259
7025,fuzzer_global,1725,1260
7026,fuzzer_global,1725,1261
7027,fuzzer_global,1725,1262
7028,fuzzer_global,1725,1263
7029,fuzzer_global,1725,1264
7030,fuzzer_global,1725,1265
7031,fuzzer_global,1725,1266
7032,fuzzer_global,1725,1267
7033,fuzzer_global,1725,1268
7034,fuzzer_global,1725,1269
7035,fuzzer_global,1725,1270
7036,fuzzer_global,1725,1271
7037,fuzzer_global,1725,1272
7038,fuzzer_global,1725,1273
7039,fuzzer_global,1725,1274
7040,fuzzer_global,1725,1275
7041,fuzzer_global,1725,1276
7042,fuzzer_global,1725,1277
7043,fuzzer_global,1725,1278
7044,fuzzer_global,1725,1279
7045,fuzzer_global,1725,1280
7046,fuzzer_global,1725,1281
7047,fuzzer_global,1725,1282
7048,fuzzer_global,1726,1283
7049,fuzzer_global,1726,1284
7050,fuzzer_global,1726,1285
7051,fuzzer_global,1726,1286
7052,fuzzer_global,1726,1287
7053,fuzzer_global,1726,1288
7054,fuzzer_global,1726,1289
7055,fuzzer_global,1726,1290
7056,fuzzer_global,1726,1291
7057,fuzzer_global,1726,1292
7058,fuzzer_global,1726,1293
7059,fuzzer_global,1727,1294
7060,fuzzer_global,1727,1295
7061,fuzzer_global,1727,1296
7062,fuzzer_global,1727,1297
7063,fuzzer_global,1727,1298
7064,fuzzer_global,1727,1299
7065,fuzzer_global,1727,1300
7066,fuzzer_global,1727,1301
7067,fuzzer_global,1727,1302
7068,fuzzer_global,1727,1303
7069,fuzzer_global,1727,1304
7070,fuzzer_global,1727,1305
7071,fuzzer_global,1728,1306
7072,fuzzer_global,1728,1307
7073,fuzzer_global,1728,1308
7074,fuzzer_global,1728,1309
7075,fuzzer_global,1728,1310
7076,fuzzer_global,1728,1311
7077,fuzzer_global,1728,1312
7078,fuzzer_global,1728,1313
7079,fuzzer_global,1728,1314
7080,fuzzer_global,1728,1315
7081,fuzzer_global,1728,1316
7082,fuzzer_global,1728,1317
7083,fuzzer_global,1728,1318
7084,fuzzer_global,1728,1319
7085,fuzzer_global,1728,1320
7086,fuzzer_global,1728,1321
7087,fuzzer_global,1729,1322
7088,fuzzer_global,1729,1323
7089,fuzzer_global,1729,1324
7090,fuzzer_global,1729,1325
7091,fuzzer_global,1729,1326
7092,fuzzer_global,1729,1327
7093,fuzzer_global,1729,1328
7094,fuzzer_global,1729,1329
7095,fuzzer_global,1729,1330
7096,fuzzer_global,1730,1331
7097,fuzzer_global,1730,1332
7098,fuzzer_global,1730,1333
7099,fuzzer_global,1731,1334
7100,fuzzer_global,1732,1335
7101,fuzzer_global,1732,1336
7102,fuzzer_global,1732,1337
7103,fuzzer_global,1732,1338
7104,fuzzer_global,1732,1339
7105,fuzzer_global,1732,1340
7106,fuzzer_global,1733,1341
7107,fuzzer_global,1733,1342
7108,fuzzer_global,1733,1343
7109,fuzzer_global,1733,1344
7110,fuzzer_global,1733,1345
7111,fuzzer_global,1733,1346
7112,fuzzer_global,1733,1347
7113,fuzzer_global,1733,1348
7114,fuzzer_global,1734,1349
7115,fuzzer_global,1734,1350
7116,fuzzer_global,1734,1351
7117,fuzzer_global,1734,1352
7118,fuzzer_global,1734,1353
7119,fuzzer_global,1734,1354
7120,fuzzer_global,1735,1355
7121,fuzzer_global,1735,1356
7122,fuzzer_global,1735,1357
7123,fuzzer_global,1735,1358
7124,fuzzer_global,1735,1359
7125,fuzzer_global,1735,1360
7126,fuzzer_global,1735,1361
7127,fuzzer_global,1735,1362
7128,fuzzer_global,1735,1363
7129,fuzzer_global,1735,1364
7130,fuzzer_global,1735,1365
7131,fuzzer_global,1735,1366
7132,fuzzer_global,1735,1367
7133,fuzzer_global,1735,1368
7134,fuzzer_global,1735,1369
7135,fuzzer_global,1735,1370
7136,fuzzer_global,1736,1371
7137,fuzzer_global,1736,1372
7138,fuzzer_global,1736,1373
7139,fuzzer_global,1736,1374
7140,fuzzer_global,1736,1375
7141,fuzzer_global,1736,1376
7142,fuzzer_global,1736,1377
7143,fuzzer_global,1736,1378
7144,fuzzer_global,1736,1379
7145,fuzzer_global,1736,1380
7146,fuzzer_global,1736,1381
7147,fuzzer_global,1736,1382
7148,fuzzer_global,1736,1383
7149,fuzzer_global,1736,1384
7150,fuzzer_global,1736,1385
7151,fuzzer_global,1736,1386
7152,fuzzer_global,1736,1387
7153,fuzzer_global,1736,1388
7154,fuzzer_global,1736,1389
7155,fuzzer_global,1736,1390
7156,fuzzer_global,1736,1391
7157,fuzzer_global,1736,1392
7158,fuzzer_global,1736,1393
7159,fuzzer_global,1736,1394
7160,fuzzer_global,1736,1395
7161,fuzzer_global,1736,1396
7162,fuzzer_global,1738,1397
7163,fuzzer_global,1738,1398
7164,fuzzer_global,1741,1399
7165,fuzzer_global,1741,1400
7166,fuzzer_global,1741,1401
7167,fuzzer_global,1742,1402
7168,fuzzer_global,1742,1403
7169,fuzzer_global,1742,1404
7170,fuzzer_global,1742,1405
7171,fuzzer_global,1742,1406
7172,fuzzer_global,1742,1407
7173,fuzzer_global,1743,1408
7174,fuzzer_global,1743,1409
7175,fuzzer_global,1743,1410
7176,fuzzer_global,1744,1411
7177,fuzzer_global,1744,1412
7178,fuzzer_global,1744,1413
7179,fuzzer_global,1744,1414
7180,fuzzer_global,1744,1415
7181,fuzzer_global,1744,1416
7182,fuzzer_global,1744,1417
7183,fuzzer_global,1744,1418
7184,fuzzer_global,1744,1419
7185,fuzzer_global,1744,1420
7186,fuzzer_global,1744,1421
7187,fuzzer_global,1744,1422
7188,fuzzer_global,1744,1423
7189,fuzzer_global,1744,1424
7190,fuzzer_global,1744,1425
7191,fuzzer_global,1744,1426
7192,fuzzer_global,1744,1427
7193,fuzzer_global,1744,1428
7194,fuzzer_global,1744,1429
7195,fuzzer_global,1744,1430
7196,fuzzer_global,1744,1431
7197,fuzzer_global,1744,1432
7198,fuzzer_global,1744,1433
7199,fuzzer_global,1744,1434
7200,fuzzer_global,1744,1435
7201,fuzzer_global,1744,1436
7202,fuzzer_global,1744,1437
7203,fuzzer_global,1744,1438
7204,fuzzer_global,1744,1439
