,benchmark,fuzzer_combination,experiment_id,edge_count
0,readelf,fca,6,2807
